.float -0.459817, -0.459817, -0.459817, -0.459817, -0.459817, -0.459817, -0.459817, -0.459817, -0.459817, -0.459817, -0.457900, -0.328541, -0.074902, -0.002935, -0.016578, 0.097775, 0.090784, -0.053914, -0.092204, -0.276087, -0.415496, -0.459817, -0.459817, -0.459817
.float -0.459817, -0.459817, -0.459817, -0.459817, -0.459817, -0.459817, -0.459817, -0.459817, -0.459817, -0.457900, -0.329212, -0.071943, -0.055128, -0.297333, -0.481648, -0.323344, -0.142454, 0.060824, 0.103322, -0.133684, -0.392398, -0.459817, -0.459817, -0.459817
.float -0.459817, -0.459817, -0.459817, -0.459817, -0.459817, -0.459817, -0.459817, -0.459817, -0.459817, -0.391191, -0.122334, -0.049074, -0.456952, -0.752465, -0.615622, -0.410769, -0.378788, -0.339334, -0.385555, -0.540852, -0.529009, -0.459817, -0.459817, -0.459817
.float -0.459817, -0.459817, -0.459817, -0.459817, -0.459817, -0.459817, -0.459817, -0.459817, -0.450232, -0.253243, -0.076444, -0.506512, -0.824703, -0.476286, -0.013754, -0.065760, -0.328275, -0.543804, -0.606467, -0.777027, -0.605281, -0.459817, -0.459817, -0.459817
.float -0.459817, -0.459817, -0.459817, -0.459817, -0.459817, -0.459817, -0.459817, -0.459817, -0.370683, -0.129788, -0.340669, -0.819706, -0.595850, 0.035240, 0.122860, -0.242421, -0.569942, -0.641304, -0.501072, -0.615529, -0.520598, -0.459817, -0.459817, -0.459817
.float -0.459817, -0.459817, -0.459817, -0.459817, -0.459817, -0.459817, -0.459817, -0.447356, -0.232258, -0.167644, -0.681133, -0.669898, -0.014408, 0.235290, -0.294990, -0.687663, -0.693892, -0.549740, -0.459817, -0.459817, -0.459817, -0.459817, -0.459817, -0.459817
.float -0.459817, -0.459817, -0.459817, -0.459817, -0.459817, -0.459817, -0.455983, -0.317748, -0.103305, -0.446417, -0.766883, -0.253709, 0.248436, -0.078167, -0.641310, -0.670835, -0.550573, -0.459817, -0.459817, -0.459817, -0.459817, -0.459817, -0.459817, -0.459817
.float -0.459817, -0.459817, -0.459817, -0.459817, -0.459817, -0.459817, -0.383907, -0.120471, -0.200283, -0.739069, -0.585139, 0.111830, 0.125071, -0.437368, -0.769014, -0.532255, -0.459817, -0.459817, -0.459817, -0.459817, -0.459817, -0.459817, -0.459817, -0.459817
.float -0.459817, -0.459817, -0.459817, -0.459817, -0.459817, -0.442564, -0.192205, -0.047151, -0.558847, -0.715480, -0.079065, 0.286732, -0.162086, -0.634365, -0.661785, -0.481549, -0.473012, -0.472889, -0.461398, -0.459817, -0.459817, -0.459817, -0.459817, -0.459817
.float -0.459817, -0.459817, -0.459817, -0.459817, -0.459817, -0.419184, -0.161915, -0.300589, -0.661224, -0.158142, 0.576105, 0.423164, -0.147742, -0.373881, -0.168826, -0.253767, -0.451548, -0.535465, -0.520746, -0.493345, -0.459817, -0.459817, -0.459817, -0.459817
.float -0.459817, -0.459817, -0.459817, -0.459817, -0.459817, -0.341522, -0.264175, -0.525765, -0.292665, 0.515644, 0.548434, -0.185642, -0.470015, -0.110320, 0.320273, 0.475394, 0.251272, -0.087213, -0.301865, -0.466627, -0.479428, -0.459817, -0.459817, -0.459817
.float -0.459817, -0.459817, -0.459817, -0.459817, -0.445440, -0.215340, -0.348201, -0.475273, 0.019448, 0.313121, -0.122635, -0.545582, -0.605175, -0.355156, -0.353708, -0.053803, 0.165130, 0.075972, -0.036936, -0.301160, -0.467142, -0.459817, -0.459817, -0.459817
.float -0.459817, -0.459817, -0.459817, -0.459817, -0.439215, -0.229407, -0.391434, -0.485070, -0.188642, -0.080568, -0.584169, -0.637582, -0.493729, -0.604280, -0.836278, -0.605058, -0.283285, -0.257015, -0.147857, -0.235074, -0.415746, -0.461082, -0.459817, -0.459817
.float -0.459817, -0.459817, -0.459817, -0.459817, -0.446361, -0.383485, -0.493501, -0.615138, -0.400964, -0.194347, -0.321381, -0.338875, -0.346274, -0.526152, -0.661376, -0.536579, -0.352295, -0.336834, -0.243208, -0.327816, -0.421191, -0.461044, -0.459817, -0.459817
.float -0.459817, -0.459817, -0.459817, -0.459817, -0.462648, -0.498331, -0.464195, -0.511480, -0.005090, 0.061635, -0.325062, -0.592887, -0.643201, -0.590562, -0.451636, -0.359902, -0.379587, -0.279722, 0.010368, -0.318592, -0.477542, -0.451329, -0.459817, -0.459817
.float -0.459817, -0.459817, -0.459817, -0.459817, -0.470935, -0.520488, -0.412546, -0.287890, 0.293785, -0.083395, -0.561006, -0.635578, -0.617157, -0.429240, -0.209532, -0.325378, -0.622216, -0.369258, 0.134934, -0.293557, -0.599241, -0.460648, -0.459817, -0.459817
.float -0.459817, -0.459817, -0.459817, -0.459817, -0.480072, -0.684042, -0.514674, -0.011594, 0.403037, -0.169318, -0.628284, -0.415580, -0.241400, -0.081893, -0.125276, -0.557615, -0.710884, -0.175666, 0.186565, -0.365804, -0.747288, -0.472688, -0.459817, -0.459817
.float -0.459817, -0.459817, -0.459817, -0.459817, -0.476935, -0.753804, -0.705190, -0.151047, 0.497516, 0.219545, -0.055451, 0.046842, -0.038368, -0.096062, -0.354074, -0.626066, -0.269988, 0.206715, 0.098668, -0.538654, -0.772096, -0.469808, -0.459817, -0.459817
.float -0.459817, -0.459817, -0.459817, -0.459817, -0.463160, -0.642017, -0.708831, -0.532869, -0.152730, -0.031362, -0.027916, 0.161997, -0.093213, -0.273525, -0.446075, -0.292815, 0.093295, 0.047019, -0.362716, -0.726695, -0.635362, -0.459817, -0.459817, -0.459817
.float -0.459817, -0.459817, -0.459817, -0.459817, -0.458261, -0.467590, -0.604807, -0.763976, -0.675558, -0.657326, -0.876707, -0.620470, -0.563290, -0.537647, -0.490943, -0.241326, -0.224346, -0.410208, -0.686207, -0.720185, -0.499783, -0.459817, -0.459817, -0.459817
.float -0.459817, -0.459817, -0.459817, -0.459817, -0.459817, -0.448170, -0.437654, -0.592014, -0.733048, -0.752728, -0.931375, -0.927227, -0.692797, -0.451824, -0.373429, -0.403971, -0.603975, -0.656546, -0.641203, -0.556364, -0.459817, -0.459817, -0.459817, -0.459817
.float -0.459817, -0.459817, -0.459817, -0.459817, -0.459817, -0.459594, -0.447018, -0.416281, -0.423291, -0.480685, -0.329039, -0.392281, -0.409710, -0.495036, -0.548946, -0.563117, -0.585059, -0.574151, -0.496715, -0.460649, -0.459817, -0.459817, -0.459817, -0.459817
.float -0.459817, -0.459817, -0.459817, -0.459817, -0.459817, -0.459817, -0.459594, -0.450222, -0.412069, -0.363657, -0.341387, -0.381971, -0.455358, -0.549071, -0.531678, -0.495151, -0.462577, -0.460649, -0.459817, -0.459817, -0.459817, -0.459817, -0.459817, -0.459817
.float -0.459817, -0.459817, -0.459817, -0.459817, -0.459817, -0.459817, -0.459817, -0.459817, -0.459817, -0.459817, -0.459817, -0.459817, -0.459817, -0.459817, -0.459817, -0.459817, -0.459817, -0.459817, -0.459817, -0.459817, -0.459817, -0.459817, -0.459817, -0.459817

.float 0.177505, 0.177505, 0.177505, 0.177505, 0.177505, 0.177505, 0.177505, 0.177505, 0.177505, 0.177505, 0.180184, 0.361993, 0.824393, 1.372102, 1.997939, 2.791229, 3.011515, 2.511695, 1.837484, 1.216476, 0.459964, 0.177505, 0.177505, 0.177505
.float 0.177505, 0.177505, 0.177505, 0.177505, 0.177505, 0.177505, 0.177505, 0.177505, 0.177505, 0.180184, 0.361671, 0.838330, 1.262700, 1.636890, 2.099712, 2.450214, 2.269012, 1.638889, 0.850605, 0.429279, 0.199303, 0.177505, 0.177505, 0.177505
.float 0.177505, 0.177505, 0.177505, 0.177505, 0.177505, 0.177505, 0.177505, 0.177505, 0.177505, 0.274618, 0.749445, 1.170075, 1.080357, 0.969322, 0.774190, -0.332120, -1.136111, -1.291665, -1.230276, -0.940085, -0.200895, 0.177505, 0.177505, 0.177505
.float 0.177505, 0.177505, 0.177505, 0.177505, 0.177505, 0.177505, 0.177505, 0.177505, 0.190897, 0.510774, 0.936784, 0.730361, 0.177380, -0.361466, -1.774791, -4.387430, -5.403480, -4.687972, -3.316777, -2.089451, -0.482054, 0.177505, 0.177505, 0.177505
.float 0.177505, 0.177505, 0.177505, 0.177505, 0.177505, 0.177505, 0.177505, 0.177505, 0.308200, 0.736461, 0.591730, -0.125422, -0.786996, -1.566331, -3.304978, -4.981275, -4.574033, -3.121969, -1.779241, -1.058076, -0.124506, 0.177505, 0.177505, 0.177505
.float 0.177505, 0.177505, 0.177505, 0.177505, 0.177505, 0.177505, 0.177505, 0.194914, 0.546967, 0.678935, -0.148548, -0.761372, -1.286227, -2.501893, -3.796469, -3.199305, -1.574489, -0.269306, 0.177505, 0.177505, 0.177505, 0.177505, 0.177505, 0.177505
.float 0.177505, 0.177505, 0.177505, 0.177505, 0.177505, 0.177505, 0.182862, 0.384924, 0.777749, 0.254064, -0.633048, -0.770808, -1.493092, -2.917877, -3.168706, -1.485304, -0.273443, 0.177505, 0.177505, 0.177505, 0.177505, 0.177505, 0.177505, 0.177505
.float 0.177505, 0.177505, 0.177505, 0.177505, 0.177505, 0.177505, 0.286026, 0.753337, 0.744028, -0.237350, -0.668498, -0.678845, -1.899137, -2.874690, -1.834070, -0.182426, 0.177505, 0.177505, 0.177505, 0.177505, 0.177505, 0.177505, 0.177505, 0.177505
.float 0.177505, 0.177505, 0.177505, 0.177505, 0.177505, 0.201610, 0.600822, 0.987786, 0.344462, -0.438783, -0.439979, -1.235702, -2.545186, -2.362363, -0.623613, 0.359168, 0.319674, 0.263983, 0.186976, 0.177505, 0.177505, 0.177505, 0.177505, 0.177505
.float 0.177505, 0.177505, 0.177505, 0.177505, 0.177505, 0.245364, 0.717107, 0.628712, -0.121183, -0.307820, -0.127658, -1.155855, -1.467131, 0.162965, 1.857921, 1.870369, 1.468497, 1.117483, 0.742243, 0.378276, 0.177505, 0.177505, 0.177505, 0.177505
.float 0.177505, 0.177505, 0.177505, 0.177505, 0.177505, 0.353155, 0.378404, -0.084936, -0.222428, 0.172858, -0.241650, -0.820235, 0.128132, 1.918064, 2.647105, 2.580617, 2.192362, 1.731184, 1.397764, 0.873016, 0.294937, 0.177505, 0.177505, 0.177505
.float 0.177505, 0.177505, 0.177505, 0.177505, 0.197592, 0.537784, -0.108921, -0.567634, -0.222336, -0.008084, -1.209071, -1.137478, -0.191330, 0.369580, 0.306090, 1.023771, 1.561791, 1.432106, 1.342906, 1.205026, 0.544863, 0.177505, 0.177505, 0.177505
.float 0.177505, 0.177505, 0.177505, 0.177505, 0.215530, 0.469898, -0.481834, -1.096043, -1.100578, -1.483069, -3.055712, -2.909541, -2.495085, -3.077840, -3.418726, -2.271873, -0.590556, 0.163265, 0.529281, 0.964173, 0.723940, 0.185082, 0.177505, 0.177505
.float 0.177505, 0.177505, 0.177505, 0.177505, 0.196428, -0.024992, -0.727191, -1.557576, -2.292926, -3.189539, -4.579939, -4.957738, -4.756898, -5.219555, -5.508142, -4.946380, -3.097485, -1.529573, -0.670400, 0.140802, 0.623205, 0.205727, 0.177505, 0.177505
.float 0.177505, 0.177505, 0.177505, 0.177505, 0.143657, -0.690984, -1.204560, -2.044687, -3.099395, -4.354386, -4.914248, -4.540382, -3.159369, -1.926944, -1.531664, -2.256751, -2.057440, -1.219938, -0.893908, -0.823869, -0.034784, 0.190996, 0.177505, 0.177505
.float 0.177505, 0.177505, 0.177505, 0.177505, 0.085131, -1.156920, -1.669917, -1.974609, -2.645619, -3.587744, -2.971736, -1.999691, -0.805232, 0.096345, 0.316478, -0.809629, -1.359486, -0.633464, -0.581856, -1.520378, -0.925889, 0.156202, 0.177505, 0.177505
.float 0.177505, 0.177505, 0.177505, 0.177505, 0.060454, -1.460833, -1.903431, -1.163955, -1.348427, -2.166228, -0.916747, 0.375448, 0.650028, 1.029547, 1.276183, 0.090840, -0.699655, -0.457856, -1.092607, -2.269382, -1.479969, 0.123944, 0.177505, 0.177505
.float 0.177505, 0.177505, 0.177505, 0.177505, 0.067424, -1.645573, -2.447839, -1.258091, -0.694347, -1.083323, 0.507488, 2.470522, 2.485899, 2.552137, 2.012341, 0.495212, -0.447016, -1.195843, -2.375576, -2.797884, -1.389712, 0.127860, 0.177505, 0.177505
.float 0.177505, 0.177505, 0.177505, 0.177505, 0.110590, -1.329733, -2.740567, -2.277493, -1.394791, -0.910667, 0.423534, 2.276917, 2.322171, 1.972274, 0.587268, -0.884180, -1.671890, -2.465952, -3.030284, -2.340077, -0.653173, 0.177505, 0.177505, 0.177505
.float 0.177505, 0.177505, 0.177505, 0.177505, 0.159551, -0.582803, -2.154066, -2.971133, -2.741578, -2.214255, -1.668956, -0.566754, -0.607574, -1.113169, -2.363220, -3.272072, -3.637733, -3.501462, -2.831527, -1.322033, -0.021078, 0.177505, 0.177505, 0.177505
.float 0.177505, 0.177505, 0.177505, 0.177505, 0.177505, 0.027974, -0.859546, -2.390190, -3.433664, -3.957359, -4.309807, -4.148678, -4.081962, -4.457717, -4.891332, -4.743567, -4.090074, -2.807325, -1.415580, -0.301351, 0.177505, 0.177505, 0.177505, 0.177505
.float 0.177505, 0.177505, 0.177505, 0.177505, 0.177505, 0.174940, 0.017029, -0.811358, -2.041870, -3.437615, -4.428277, -5.221983, -5.216855, -4.868617, -3.914739, -2.754973, -1.662284, -0.677904, -0.012160, 0.173368, 0.177505, 0.177505, 0.177505, 0.177505
.float 0.177505, 0.177505, 0.177505, 0.177505, 0.177505, 0.177505, 0.174940, 0.069094, -0.283077, -0.873691, -1.388346, -1.689190, -1.625553, -1.188054, -0.483760, -0.026826, 0.157463, 0.173368, 0.177505, 0.177505, 0.177505, 0.177505, 0.177505, 0.177505
.float 0.177505, 0.177505, 0.177505, 0.177505, 0.177505, 0.177505, 0.177505, 0.177505, 0.177505, 0.177505, 0.177505, 0.177505, 0.177505, 0.177505, 0.177505, 0.177505, 0.177505, 0.177505, 0.177505, 0.177505, 0.177505, 0.177505, 0.177505, 0.177505

.float -0.325453, -0.325453, -0.325453, -0.325453, -0.325453, -0.325453, -0.325453, -0.325453, -0.325453, -0.325453, -0.325936, -0.360241, -0.583280, -1.129365, -1.436618, -1.005253, -0.261167, 0.305755, 0.667522, 0.456593, -0.127265, -0.325453, -0.325453, -0.325453
.float -0.325453, -0.325453, -0.325453, -0.325453, -0.325453, -0.325453, -0.325453, -0.325453, -0.325453, -0.325936, -0.360909, -0.598871, -1.314487, -1.599181, -0.633763, 0.760407, 1.395420, 1.362359, 0.821523, -0.104108, -0.425866, -0.325453, -0.325453, -0.325453
.float -0.325453, -0.325453, -0.325453, -0.325453, -0.325453, -0.325453, -0.325453, -0.325453, -0.325453, -0.344446, -0.557316, -1.225750, -1.535562, -0.184608, 2.071981, 2.499124, 1.204236, -0.198773, -1.190480, -1.766669, -0.885095, -0.325453, -0.325453, -0.325453
.float -0.325453, -0.325453, -0.325453, -0.325453, -0.325453, -0.325453, -0.325453, -0.325453, -0.327871, -0.443565, -0.995461, -1.435595, -0.183473, 2.472845, 2.877228, 0.534832, -1.659685, -2.312869, -2.199188, -1.782543, -0.701753, -0.325453, -0.325453, -0.325453
.float -0.325453, -0.325453, -0.325453, -0.325453, -0.325453, -0.325453, -0.325453, -0.325453, -0.356316, -0.703236, -1.298334, -0.537948, 1.895013, 2.816692, 0.122379, -2.273145, -2.520587, -1.749586, -1.049578, -0.626608, -0.376551, -0.325453, -0.325453, -0.325453
.float -0.325453, -0.325453, -0.325453, -0.325453, -0.325453, -0.325453, -0.325453, -0.328597, -0.475811, -1.042206, -0.982683, 0.924791, 2.656215, 0.661656, -2.458659, -2.499844, -1.153389, -0.401050, -0.325453, -0.325453, -0.325453, -0.325453, -0.325453, -0.325453
.float -0.325453, -0.325453, -0.325453, -0.325453, -0.325453, -0.325453, -0.326420, -0.373829, -0.777084, -1.248008, -0.097200, 2.122627, 1.592239, -1.610935, -2.616613, -1.059786, -0.401750, -0.325453, -0.325453, -0.325453, -0.325453, -0.325453, -0.325453, -0.325453
.float -0.325453, -0.325453, -0.325453, -0.325453, -0.325453, -0.325453, -0.347958, -0.582966, -1.238586, -0.852444, 1.330084, 2.349453, -0.211778, -2.533273, -1.608140, -0.386351, -0.325453, -0.325453, -0.325453, -0.325453, -0.325453, -0.325453, -0.325453, -0.325453
.float -0.325453, -0.325453, -0.325453, -0.325453, -0.325453, -0.329807, -0.470566, -1.052485, -1.331418, 0.398773, 2.566952, 1.099790, -2.107550, -2.376729, -0.770991, -0.351382, -0.289247, -0.276673, -0.319572, -0.325453, -0.325453, -0.325453, -0.325453, -0.325453
.float -0.325453, -0.325453, -0.325453, -0.325453, -0.325453, -0.350771, -0.739791, -1.275922, -0.406797, 1.890836, 1.845750, -1.435936, -3.211848, -1.805381, -0.634764, -0.468327, -0.325984, -0.166480, -0.078024, -0.200777, -0.325453, -0.325453, -0.325453, -0.325453
.float -0.325453, -0.325453, -0.325453, -0.325453, -0.325453, -0.408362, -0.942396, -0.872654, 0.622983, 1.673075, -0.787500, -3.133193, -1.958659, 0.084455, 0.211518, 0.072587, 0.048171, 0.076649, 0.254010, 0.068415, -0.252529, -0.325453, -0.325453, -0.325453
.float -0.325453, -0.325453, -0.325453, -0.325453, -0.329081, -0.533382, -0.931685, -0.464434, 0.837575, 0.310265, -1.909954, -1.123344, 0.884781, 1.073459, 0.210243, -0.193497, -0.238648, -0.145759, 0.130777, 0.178782, -0.083876, -0.325453, -0.325453, -0.325453
.float -0.325453, -0.325453, -0.325453, -0.325453, -0.343205, -0.729624, -0.792281, -0.068815, 0.798911, 0.522525, -0.149186, 0.724374, 0.945785, -0.283540, -1.033587, -1.267982, -1.266899, -1.094975, -0.658365, -0.180451, -0.034369, -0.320748, -0.325453, -0.325453
.float -0.325453, -0.325453, -0.325453, -0.325453, -0.361484, -0.784419, -0.476513, 0.564582, 1.496955, 1.045516, 0.222356, -0.888246, -1.922005, -2.020334, -1.411574, -1.318162, -1.388530, -1.047857, -0.651723, -0.636156, -0.333411, -0.307059, -0.325453, -0.325453
.float -0.325453, -0.325453, -0.325453, -0.325453, -0.353632, -0.581388, -0.136667, 0.904776, 1.461656, -0.096393, -1.776888, -2.677055, -2.000801, -0.842633, -0.346364, -0.556652, -0.887700, -0.444372, 0.096390, -0.729680, -0.846357, -0.319416, -0.325453, -0.325453
.float -0.325453, -0.325453, -0.325453, -0.325453, -0.331928, -0.399908, -0.047807, 0.665334, 0.631930, -1.372973, -2.205566, -1.333197, -0.660753, -0.373457, -0.465677, -0.656701, -0.472586, 0.468230, 0.727817, -1.003296, -1.416607, -0.362445, -0.325453, -0.325453
.float -0.325453, -0.325453, -0.325453, -0.325453, -0.318749, -0.294039, 0.080650, 0.518074, -0.070986, -1.960954, -1.668402, -0.297710, -0.490980, -0.756972, -1.124182, -0.974918, 0.496165, 1.697376, 0.603137, -1.792843, -1.703207, -0.378028, -0.325453, -0.325453
.float -0.325453, -0.325453, -0.325453, -0.325453, -0.301410, -0.091141, 0.309107, 0.183859, -0.699741, -2.144687, -1.708748, -0.504777, -0.934043, -1.054463, -0.838761, 0.574558, 2.437913, 1.970052, -0.854507, -2.418431, -1.279603, -0.333852, -0.325453, -0.325453
.float -0.325453, -0.325453, -0.325453, -0.325453, -0.300426, 0.080134, 0.325229, -0.138625, -1.024940, -1.714606, -1.526744, -0.564310, -0.171745, 0.552951, 1.353259, 2.496093, 2.218771, -0.239406, -2.528410, -2.049187, -0.640052, -0.325453, -0.325453, -0.325453
.float -0.325453, -0.325453, -0.325453, -0.325453, -0.317078, -0.029524, 0.264188, -0.200143, -0.498173, -0.712507, -0.933342, -0.249337, 0.986962, 1.598378, 1.572559, 0.808846, -1.153609, -2.590145, -2.312474, -1.058304, -0.359052, -0.325453, -0.325453, -0.325453
.float -0.325453, -0.325453, -0.325453, -0.325453, -0.325453, -0.256590, 0.050913, 0.176533, -0.103691, -0.170202, -0.045929, -0.066347, 0.011889, -0.522626, -1.210383, -2.062573, -2.569518, -1.954364, -0.904381, -0.410098, -0.325453, -0.325453, -0.325453, -0.325453
.float -0.325453, -0.325453, -0.325453, -0.325453, -0.325453, -0.324256, -0.252426, 0.040210, 0.162582, -0.075880, -0.309444, -0.766558, -1.477798, -1.948994, -1.868020, -1.470415, -0.919901, -0.531873, -0.358805, -0.326152, -0.325453, -0.325453, -0.325453, -0.325453
.float -0.325453, -0.325453, -0.325453, -0.325453, -0.325453, -0.325453, -0.324256, -0.275827, -0.153129, -0.118938, -0.408959, -0.829737, -0.953724, -0.755952, -0.498138, -0.366359, -0.330105, -0.326152, -0.325453, -0.325453, -0.325453, -0.325453, -0.325453, -0.325453
.float -0.325453, -0.325453, -0.325453, -0.325453, -0.325453, -0.325453, -0.325453, -0.325453, -0.325453, -0.325453, -0.325453, -0.325453, -0.325453, -0.325453, -0.325453, -0.325453, -0.325453, -0.325453, -0.325453, -0.325453, -0.325453, -0.325453, -0.325453, -0.325453

.float -0.026671, -0.026671, -0.026671, -0.026671, -0.026671, -0.026671, -0.026671, -0.026671, -0.026671, -0.026671, -0.033559, -0.498596, -1.473058, -2.495824, -3.171384, -3.193595, -1.926450, -0.673554, 0.350316, 0.743399, 0.237288, -0.026671, -0.026671, -0.026671
.float -0.026671, -0.026671, -0.026671, -0.026671, -0.026671, -0.026671, -0.026671, -0.026671, -0.026671, -0.033559, -0.496967, -1.501535, -2.850091, -3.644120, -3.066422, -1.723044, -0.084258, 0.851666, 1.350567, 1.064103, 0.263364, -0.026671, -0.026671, -0.026671
.float -0.026671, -0.026671, -0.026671, -0.026671, -0.026671, -0.026671, -0.026671, -0.026671, -0.026671, -0.274843, -1.334786, -2.695827, -4.002719, -3.778663, -1.881668, -0.189491, 0.979164, 1.566327, 1.610010, 1.032365, 0.246564, -0.026671, -0.026671, -0.026671
.float -0.026671, -0.026671, -0.026671, -0.026671, -0.026671, -0.026671, -0.026671, -0.026671, -0.061113, -0.829735, -2.273719, -3.629400, -4.128687, -2.207699, 0.501398, 1.476246, 1.781598, 1.906090, 1.471191, 0.837891, 0.194808, -0.026671, -0.026671, -0.026671
.float -0.026671, -0.026671, -0.026671, -0.026671, -0.026671, -0.026671, -0.026671, -0.026671, -0.354810, -1.649405, -3.445071, -4.301089, -2.968454, 0.497322, 2.522637, 2.079462, 1.465341, 1.068291, 0.610243, 0.316656, 0.051697, -0.026671, -0.026671, -0.026671
.float -0.026671, -0.026671, -0.026671, -0.026671, -0.026671, -0.026671, -0.026671, -0.071446, -0.951499, -2.669400, -4.262771, -3.737530, -0.398838, 2.612647, 2.694417, 1.420738, 0.536700, 0.089270, -0.026671, -0.026671, -0.026671, -0.026671, -0.026671, -0.026671
.float -0.026671, -0.026671, -0.026671, -0.026671, -0.026671, -0.026671, -0.040448, -0.546187, -1.891044, -3.785525, -4.400108, -1.772792, 2.010242, 3.011662, 1.675128, 0.498700, 0.090344, -0.026671, -0.026671, -0.026671, -0.026671, -0.026671, -0.026671, -0.026671
.float -0.026671, -0.026671, -0.026671, -0.026671, -0.026671, -0.026671, -0.302584, -1.392852, -3.089247, -4.390285, -3.189531, 0.798477, 3.048792, 2.131763, 0.745988, 0.066726, -0.026671, -0.026671, -0.026671, -0.026671, -0.026671, -0.026671, -0.026671, -0.026671
.float -0.026671, -0.026671, -0.026671, -0.026671, -0.026671, -0.088667, -1.060260, -2.511747, -4.211129, -4.152917, -0.965451, 2.328059, 2.402168, 0.844585, 0.049664, -0.136508, -0.025149, 0.019917, -0.020614, -0.026671, -0.026671, -0.026671, -0.026671, -0.026671
.float -0.026671, -0.026671, -0.026671, -0.026671, -0.026671, -0.186791, -1.648440, -3.571404, -4.782314, -3.229393, 0.157958, 1.038834, -0.623241, -1.844369, -2.003465, -1.499263, -0.677199, -0.111471, 0.153592, 0.101738, -0.026671, -0.026671, -0.026671, -0.026671
.float -0.026671, -0.026671, -0.026671, -0.026671, -0.026671, -0.553567, -2.513155, -4.816698, -5.290959, -2.535552, 0.289190, 0.248015, -0.705722, -1.022784, -1.426386, -1.742727, -1.132385, -0.349969, 0.340452, 0.394112, 0.048436, -0.026671, -0.026671, -0.026671
.float -0.026671, -0.026671, -0.026671, -0.026671, -0.078334, -1.258509, -3.640898, -5.760186, -4.592531, -0.965623, 0.713875, 0.429733, 0.106938, -0.120256, -0.550218, -1.476189, -1.242241, -0.395703, 0.508028, 0.803770, 0.257472, -0.026671, -0.026671, -0.026671
.float -0.026671, -0.026671, -0.026671, -0.026671, -0.112459, -1.806517, -4.303786, -5.372123, -2.910120, 0.222280, 1.188541, 1.043557, 0.662880, 0.232261, -0.386290, -1.742526, -1.694782, -0.579410, 0.673774, 1.346797, 0.562881, -0.021825, -0.026671, -0.026671
.float -0.026671, -0.026671, -0.026671, -0.026671, -0.149021, -2.376008, -4.669061, -4.614201, -1.815964, 1.292517, 2.018048, 1.735290, 1.343749, 0.835732, -0.115527, -2.118451, -2.477623, -1.009029, 0.799464, 1.937963, 0.923195, -0.005447, -0.026671, -0.026671
.float -0.026671, -0.026671, -0.026671, -0.026671, -0.192350, -2.876719, -4.832023, -3.783669, -0.740546, 2.622455, 2.830085, 1.821645, 1.103586, 0.391817, -0.693463, -3.174682, -3.670402, -1.480805, 1.091347, 2.530821, 1.202750, -0.000210, -0.026671, -0.026671
.float -0.026671, -0.026671, -0.026671, -0.026671, -0.186761, -2.933656, -4.647727, -2.747860, 0.450474, 3.284769, 2.411599, 0.713741, 0.265911, -0.180259, -1.406900, -3.924034, -4.403475, -1.492879, 1.836252, 2.816979, 1.176809, -0.001511, -0.026671, -0.026671
.float -0.026671, -0.026671, -0.026671, -0.026671, -0.147649, -2.302423, -4.184067, -2.475271, 0.188171, 2.054489, 1.236912, -0.271645, -1.075171, -1.870536, -2.981226, -4.512744, -3.933926, -0.222901, 2.729645, 2.545228, 0.910623, -0.004498, -0.026671, -0.026671
.float -0.026671, -0.026671, -0.026671, -0.026671, -0.112985, -1.705466, -3.071605, -2.029429, -0.740676, -0.250410, -0.973348, -2.025462, -2.685842, -2.887127, -3.103425, -3.303179, -1.541991, 1.637565, 2.870883, 1.847019, 0.564993, -0.013788, -0.026671, -0.026671
.float -0.026671, -0.026671, -0.026671, -0.026671, -0.071658, -1.121992, -2.117309, -1.376309, -0.674202, -0.651276, -0.940931, -1.550999, -1.649577, -1.467647, -1.570939, -1.154752, 0.723285, 2.301583, 2.134350, 1.057156, 0.221974, -0.026671, -0.026671, -0.026671
.float -0.026671, -0.026671, -0.026671, -0.026671, -0.037713, -0.514363, -1.303886, -1.281325, -0.852889, -0.505494, -0.336800, -0.572492, -0.623775, -0.511467, -0.305928, 0.542667, 1.809447, 1.961314, 1.230809, 0.458068, 0.024859, -0.026671, -0.026671, -0.026671
.float -0.026671, -0.026671, -0.026671, -0.026671, -0.026671, -0.119181, -0.597786, -1.129706, -0.997136, -0.676934, -0.369497, -0.032496, 0.184407, 0.478470, 0.979261, 1.484468, 1.614239, 1.080688, 0.454615, 0.098275, -0.026671, -0.026671, -0.026671, -0.026671
.float -0.026671, -0.026671, -0.026671, -0.026671, -0.026671, -0.028248, -0.124133, -0.546659, -0.760445, -0.561052, -0.053515, 0.663866, 1.039262, 1.173527, 1.158784, 0.925952, 0.539649, 0.210744, 0.022856, -0.025597, -0.026671, -0.026671, -0.026671, -0.026671
.float -0.026671, -0.026671, -0.026671, -0.026671, -0.026671, -0.026671, -0.028248, -0.091565, -0.232571, -0.264535, 0.032309, 0.409888, 0.529888, 0.391751, 0.160893, 0.028354, -0.021159, -0.025597, -0.026671, -0.026671, -0.026671, -0.026671, -0.026671, -0.026671
.float -0.026671, -0.026671, -0.026671, -0.026671, -0.026671, -0.026671, -0.026671, -0.026671, -0.026671, -0.026671, -0.026671, -0.026671, -0.026671, -0.026671, -0.026671, -0.026671, -0.026671, -0.026671, -0.026671, -0.026671, -0.026671, -0.026671, -0.026671, -0.026671

.float -0.118034, -0.118034, -0.118034, -0.118034, -0.118034, -0.118034, -0.118034, -0.118034, -0.118034, -0.118034, -0.117281, -0.068033, -0.142291, -0.025675, 0.425159, 0.399525, 0.028466, 0.013103, -0.545598, -1.171346, -0.522248, -0.118034, -0.118034, -0.118034
.float -0.118034, -0.118034, -0.118034, -0.118034, -0.118034, -0.118034, -0.118034, -0.118034, -0.118034, -0.117281, -0.069664, -0.163852, -0.356383, -0.137243, -0.089962, -0.750587, -0.682203, 0.204484, 0.118284, -0.445322, -0.248001, -0.118034, -0.118034, -0.118034
.float -0.118034, -0.118034, -0.118034, -0.118034, -0.118034, -0.118034, -0.118034, -0.118034, -0.118034, -0.093799, -0.181194, -0.507967, -0.428698, -0.249309, -0.847018, -1.616904, -0.978563, 0.192137, 0.399353, 0.187304, -0.021711, -0.118034, -0.118034, -0.118034
.float -0.118034, -0.118034, -0.118034, -0.118034, -0.118034, -0.118034, -0.118034, -0.118034, -0.114268, -0.139291, -0.618279, -0.743441, -0.101921, -0.224266, -0.836020, -0.872596, -0.479291, -0.128102, 0.058152, 0.228616, 0.021043, -0.118034, -0.118034, -0.118034
.float -0.118034, -0.118034, -0.118034, -0.118034, -0.118034, -0.118034, -0.118034, -0.118034, -0.096676, -0.409226, -0.981619, -0.299018, 0.340809, -0.617014, -0.861112, 0.028632, 0.082379, -0.146174, -0.149418, 0.024896, -0.062938, -0.118034, -0.118034, -0.118034
.float -0.118034, -0.118034, -0.118034, -0.118034, -0.118034, -0.118034, -0.118034, -0.113138, -0.174375, -0.839994, -0.758350, 0.508110, 0.067802, -1.067682, -0.587436, 0.085654, 0.107561, -0.036521, -0.118034, -0.118034, -0.118034, -0.118034, -0.118034, -0.118034
.float -0.118034, -0.118034, -0.118034, -0.118034, -0.118034, -0.118034, -0.116528, -0.080421, -0.470990, -0.932684, -0.041394, 0.608904, -0.652560, -0.955357, -0.012443, 0.084510, -0.035767, -0.118034, -0.118034, -0.118034, -0.118034, -0.118034, -0.118034, -0.118034
.float -0.118034, -0.118034, -0.118034, -0.118034, -0.118034, -0.118034, -0.093671, -0.214618, -0.788432, -0.474551, 0.471838, -0.315667, -1.067125, -0.220248, 0.203306, -0.052371, -0.118034, -0.118034, -0.118034, -0.118034, -0.118034, -0.118034, -0.118034, -0.118034
.float -0.118034, -0.118034, -0.118034, -0.118034, -0.118034, -0.111254, -0.130022, -0.626083, -0.627649, 0.302614, 0.144774, -0.987584, -0.662360, 0.303354, 0.091427, -0.139045, -0.205764, -0.228893, -0.131461, -0.118034, -0.118034, -0.118034, -0.118034, -0.118034
.float -0.118034, -0.118034, -0.118034, -0.118034, -0.118034, -0.126675, -0.511109, -1.068394, -0.076475, 0.976541, -0.427218, -0.791258, 0.398772, 0.550969, -0.013553, -0.128496, -0.343457, -0.608773, -0.669845, -0.402680, -0.118034, -0.118034, -0.118034, -0.118034
.float -0.118034, -0.118034, -0.118034, -0.118034, -0.118034, -0.160424, -1.009290, -1.027263, 0.576761, 0.883999, -0.652054, -0.603711, -0.052375, -0.466974, -0.310209, 0.222378, 0.423190, 0.064706, -0.837131, -0.962233, -0.284526, -0.118034, -0.118034, -0.118034
.float -0.118034, -0.118034, -0.118034, -0.118034, -0.112384, -0.288209, -1.204878, -0.631245, 0.585414, -0.268192, -0.805507, -0.764490, -0.843063, -0.977623, -0.673103, -0.024345, 0.879942, 1.243646, 0.063123, -1.178974, -0.641078, -0.118034, -0.118034, -0.118034
.float -0.118034, -0.118034, -0.118034, -0.118034, -0.130445, -0.651765, -1.129142, -0.315129, 0.025820, -1.114952, -0.778434, -0.574971, -0.746881, -0.725820, -0.992732, -1.051534, 0.144833, 1.650979, 1.102457, -0.937668, -0.945634, -0.128776, -0.118034, -0.118034
.float -0.118034, -0.118034, -0.118034, -0.118034, -0.167900, -1.064452, -1.216644, -0.027030, 0.069060, -1.200265, -0.641783, 0.207385, 0.018904, -0.049382, -0.509102, -1.535720, -0.950713, 1.240692, 1.494089, -0.612139, -1.076339, -0.158189, -0.118034, -0.118034
.float -0.118034, -0.118034, -0.118034, -0.118034, -0.194446, -1.206324, -1.288278, 0.429928, 0.787571, -0.829221, -0.887585, 0.024510, 0.023502, 0.079070, -0.064714, -1.178267, -1.256741, 0.759605, 1.121389, -0.519605, -0.824473, -0.141264, -0.118034, -0.118034
.float -0.118034, -0.118034, -0.118034, -0.118034, -0.187879, -1.129959, -1.295814, 0.714032, 1.185189, -0.718484, -1.036424, 0.038998, 0.022530, -0.074611, -0.223614, -0.977526, -0.744342, 0.597127, 0.088005, -0.596152, -0.254489, -0.113068, -0.118034, -0.118034
.float -0.118034, -0.118034, -0.118034, -0.118034, -0.176206, -1.128558, -1.364617, 0.397826, 1.278100, 0.313757, -0.717173, -0.504601, -0.060348, 0.178094, -0.287206, -0.872571, -0.458491, -0.103788, -0.814002, -0.404407, 0.156774, -0.105181, -0.118034, -0.118034
.float -0.118034, -0.118034, -0.118034, -0.118034, -0.144128, -0.852178, -1.456290, -0.482830, 0.798401, 1.475221, 0.491701, -0.630384, -0.370353, -0.288369, -0.794502, -0.951195, -0.573176, -0.593993, -0.624126, 0.012996, 0.196914, -0.108977, -0.118034, -0.118034
.float -0.118034, -0.118034, -0.118034, -0.118034, -0.113229, -0.345324, -1.171802, -1.405440, -0.466974, 0.989838, 0.910834, -0.201478, -0.747608, -1.061051, -0.966014, -0.516702, -0.219480, -0.316584, -0.075591, 0.208198, 0.045839, -0.118034, -0.118034, -0.118034
.float -0.118034, -0.118034, -0.118034, -0.118034, -0.111850, -0.015180, -0.486611, -1.524233, -1.515507, -0.553302, 0.113213, -0.057890, -0.579690, -0.826204, -0.342419, 0.033460, -0.036266, -0.104774, 0.136652, 0.130842, -0.081806, -0.118034, -0.118034, -0.118034
.float -0.118034, -0.118034, -0.118034, -0.118034, -0.118034, -0.069134, 0.015959, -0.519188, -1.253538, -1.419469, -0.740775, -0.134745, -0.086087, -0.146338, -0.022916, -0.030721, -0.074709, -0.013493, 0.054096, -0.030419, -0.118034, -0.118034, -0.118034, -0.118034
.float -0.118034, -0.118034, -0.118034, -0.118034, -0.118034, -0.117151, -0.066459, 0.046080, -0.168589, -0.545987, -0.548108, -0.174264, 0.038021, 0.034176, -0.132407, -0.160301, -0.045081, -0.014219, -0.084563, -0.117280, -0.118034, -0.118034, -0.118034, -0.118034
.float -0.118034, -0.118034, -0.118034, -0.118034, -0.118034, -0.118034, -0.117151, -0.081787, -0.006607, 0.008891, -0.141662, -0.268287, -0.211911, -0.077294, -0.055418, -0.086929, -0.115508, -0.117280, -0.118034, -0.118034, -0.118034, -0.118034, -0.118034, -0.118034
.float -0.118034, -0.118034, -0.118034, -0.118034, -0.118034, -0.118034, -0.118034, -0.118034, -0.118034, -0.118034, -0.118034, -0.118034, -0.118034, -0.118034, -0.118034, -0.118034, -0.118034, -0.118034, -0.118034, -0.118034, -0.118034, -0.118034, -0.118034, -0.118034

.float -0.147214, -0.147214, -0.147214, -0.147214, -0.147214, -0.147214, -0.147214, -0.147214, -0.147214, -0.147214, -0.145653, -0.039303, 0.307135, 0.481319, 0.121568, -0.756752, -1.986721, -2.687263, -2.564924, -1.891716, -0.655695, -0.147214, -0.147214, -0.147214
.float -0.147214, -0.147214, -0.147214, -0.147214, -0.147214, -0.147214, -0.147214, -0.147214, -0.147214, -0.145653, -0.038478, 0.332661, 0.714615, 0.494456, -0.610666, -1.677111, -2.604861, -2.835468, -2.509859, -1.919792, -0.678839, -0.147214, -0.147214, -0.147214
.float -0.147214, -0.147214, -0.147214, -0.147214, -0.147214, -0.147214, -0.147214, -0.147214, -0.147214, -0.088596, 0.303838, 0.782036, 0.874803, -0.008100, -1.445041, -2.065822, -2.170423, -2.089448, -1.875559, -1.508071, -0.531799, -0.147214, -0.147214, -0.147214
.float -0.147214, -0.147214, -0.147214, -0.147214, -0.147214, -0.147214, -0.147214, -0.147214, -0.139410, 0.120207, 0.765642, 1.093842, 0.618918, -0.664095, -1.750654, -1.297059, -0.676554, -0.495596, -0.661338, -0.694839, -0.315531, -0.147214, -0.147214, -0.147214
.float -0.147214, -0.147214, -0.147214, -0.147214, -0.147214, -0.147214, -0.147214, -0.147214, -0.060924, 0.499903, 1.226429, 1.084775, -0.034787, -1.621024, -2.108685, -1.034021, -0.249493, 0.084868, -0.007539, -0.212198, -0.181748, -0.147214, -0.147214, -0.147214
.float -0.147214, -0.147214, -0.147214, -0.147214, -0.147214, -0.147214, -0.147214, -0.137069, 0.177104, 0.981203, 1.487409, 0.636209, -1.114931, -2.397972, -1.961677, -0.803285, -0.373377, -0.198306, -0.147214, -0.147214, -0.147214, -0.147214, -0.147214, -0.147214
.float -0.147214, -0.147214, -0.147214, -0.147214, -0.147214, -0.147214, -0.144092, -0.014401, 0.591111, 1.362535, 1.174952, -0.425194, -2.284624, -2.548346, -1.304856, -0.334137, -0.198779, -0.147214, -0.147214, -0.147214, -0.147214, -0.147214, -0.147214, -0.147214
.float -0.147214, -0.147214, -0.147214, -0.147214, -0.147214, -0.147214, -0.079922, 0.334533, 1.033615, 1.300137, 0.213362, -1.760629, -2.818531, -2.042802, -0.713767, -0.188371, -0.147214, -0.147214, -0.147214, -0.147214, -0.147214, -0.147214, -0.147214, -0.147214
.float -0.147214, -0.147214, -0.147214, -0.147214, -0.147214, -0.133167, 0.181691, 0.823870, 1.267598, 0.628064, -1.134413, -2.583989, -2.439949, -1.186538, -0.506879, -0.353900, -0.329329, -0.262942, -0.159982, -0.147214, -0.147214, -0.147214, -0.147214, -0.147214
.float -0.147214, -0.147214, -0.147214, -0.147214, -0.147214, -0.089440, 0.581866, 1.354423, 1.292238, -0.092720, -2.211640, -2.717247, -1.911730, -1.198772, -1.339344, -1.486181, -1.562268, -1.381114, -0.896428, -0.417891, -0.147214, -0.147214, -0.147214, -0.147214
.float -0.147214, -0.147214, -0.147214, -0.147214, -0.147214, 0.031956, 1.025828, 1.915745, 1.315389, -0.697486, -2.945184, -3.037779, -2.116634, -1.700754, -1.574892, -1.578413, -2.048120, -2.356067, -2.052813, -1.203114, -0.305534, -0.147214, -0.147214, -0.147214
.float -0.147214, -0.147214, -0.147214, -0.147214, -0.135508, 0.327451, 1.547153, 2.255129, 1.070540, -1.669162, -3.475538, -3.214620, -2.081846, -1.354431, -0.909409, -0.640613, -1.435000, -2.453630, -2.862194, -2.250225, -0.717869, -0.147214, -0.147214, -0.147214
.float -0.147214, -0.147214, -0.147214, -0.147214, -0.109864, 0.709426, 1.962185, 2.241628, 0.531263, -2.296161, -3.082552, -2.276798, -1.285575, -0.596770, 0.025460, 0.682420, -0.130420, -1.905097, -3.140742, -3.191215, -1.308545, -0.157428, -0.147214, -0.147214
.float -0.147214, -0.147214, -0.147214, -0.147214, -0.086188, 1.074646, 2.251894, 1.842736, -0.020064, -2.549259, -2.334848, -1.169215, -0.387179, 0.476818, 1.259835, 2.369972, 1.837732, -0.715560, -3.022541, -3.874042, -1.938787, -0.190126, -0.147214, -0.147214
.float -0.147214, -0.147214, -0.147214, -0.147214, -0.058490, 1.415116, 2.581605, 1.541488, -0.550847, -2.813556, -2.025290, -0.526203, -0.285034, -0.041284, 0.518658, 2.160302, 2.516214, 0.113957, -2.707250, -4.073343, -2.191214, -0.195744, -0.147214, -0.147214
.float -0.147214, -0.147214, -0.147214, -0.147214, -0.045808, 1.565137, 2.788572, 1.298523, -1.144865, -3.416352, -2.309164, -0.306629, -0.257580, -0.114469, 0.375198, 1.810602, 2.088996, -0.196850, -2.869443, -3.752674, -1.890909, -0.188882, -0.147214, -0.147214
.float -0.147214, -0.147214, -0.147214, -0.147214, -0.065038, 1.382698, 2.714152, 1.275124, -1.302065, -3.607848, -2.881414, -0.658595, -0.162626, 0.043049, 0.304323, 0.966902, 0.629403, -1.270684, -3.023122, -2.975139, -1.274250, -0.168609, -0.147214, -0.147214
.float -0.147214, -0.147214, -0.147214, -0.147214, -0.089920, 1.016294, 2.448915, 1.690564, -0.460744, -2.671406, -2.931795, -1.608528, -0.946546, -0.800608, -0.805614, -0.539319, -0.861137, -1.736915, -2.413224, -1.870751, -0.660421, -0.152891, -0.147214, -0.147214
.float -0.147214, -0.147214, -0.147214, -0.147214, -0.116117, 0.620007, 1.839362, 1.958617, 0.644911, -1.031644, -2.025435, -1.962991, -1.673129, -1.472005, -1.186634, -0.842067, -1.157446, -1.609559, -1.609873, -0.956860, -0.303284, -0.147214, -0.147214, -0.147214
.float -0.147214, -0.147214, -0.147214, -0.147214, -0.139207, 0.205707, 1.115439, 1.736966, 1.440526, 0.268133, -0.805451, -1.295117, -1.171452, -0.969069, -0.648464, -0.529739, -0.854595, -0.997220, -0.773227, -0.417703, -0.169921, -0.147214, -0.147214, -0.147214
.float -0.147214, -0.147214, -0.147214, -0.147214, -0.147214, -0.080353, 0.351210, 1.185409, 1.657964, 1.446276, 0.600443, -0.095012, -0.215473, -0.101488, 0.044130, -0.037768, -0.258932, -0.315365, -0.267767, -0.203242, -0.147214, -0.147214, -0.147214, -0.147214
.float -0.147214, -0.147214, -0.147214, -0.147214, -0.147214, -0.146070, -0.075058, 0.326059, 0.957261, 1.429808, 1.446580, 0.949436, 0.544692, 0.384723, 0.285325, 0.087384, -0.115889, -0.197680, -0.167856, -0.147687, -0.147214, -0.147214, -0.147214, -0.147214
.float -0.147214, -0.147214, -0.147214, -0.147214, -0.147214, -0.147214, -0.146070, -0.098455, 0.074414, 0.341780, 0.491218, 0.385674, 0.128614, -0.099368, -0.167218, -0.164813, -0.148460, -0.147687, -0.147214, -0.147214, -0.147214, -0.147214, -0.147214, -0.147214
.float -0.147214, -0.147214, -0.147214, -0.147214, -0.147214, -0.147214, -0.147214, -0.147214, -0.147214, -0.147214, -0.147214, -0.147214, -0.147214, -0.147214, -0.147214, -0.147214, -0.147214, -0.147214, -0.147214, -0.147214, -0.147214, -0.147214, -0.147214, -0.147214

.float -0.541557, -0.541557, -0.541557, -0.541557, -0.541557, -0.541557, -0.541557, -0.541557, -0.541557, -0.541557, -0.537741, -0.281104, 0.105534, 0.512205, 0.769864, 0.860733, 0.578724, 0.032311, -0.666015, -0.988070, -0.712569, -0.541557, -0.541557, -0.541557
.float -0.541557, -0.541557, -0.541557, -0.541557, -0.541557, -0.541557, -0.541557, -0.541557, -0.541557, -0.537741, -0.283704, 0.092864, 0.296482, 0.271339, 0.109728, -0.051391, 0.437135, 0.858693, 0.366673, -0.424226, -0.575753, -0.541557, -0.541557, -0.541557
.float -0.541557, -0.541557, -0.541557, -0.541557, -0.541557, -0.541557, -0.541557, -0.541557, -0.541557, -0.407487, -0.023100, 0.201111, -0.057919, -0.464338, -0.674894, -0.860639, -0.137949, 0.849056, 0.798890, 0.095715, -0.388555, -0.541557, -0.541557, -0.541557
.float -0.541557, -0.541557, -0.541557, -0.541557, -0.541557, -0.541557, -0.541557, -0.541557, -0.522479, -0.219384, -0.044826, -0.279742, -0.789161, -1.092264, -1.162812, -1.300816, -0.903764, -0.088621, 0.120019, -0.009019, -0.381398, -0.541557, -0.541557, -0.541557
.float -0.541557, -0.541557, -0.541557, -0.541557, -0.541557, -0.541557, -0.541557, -0.541557, -0.376772, -0.139417, -0.321970, -0.814869, -1.118020, -1.091405, -0.639231, -0.502502, -0.584808, -0.485547, -0.447582, -0.386299, -0.493340, -0.541557, -0.541557, -0.541557
.float -0.541557, -0.541557, -0.541557, -0.541557, -0.541557, -0.541557, -0.541557, -0.516756, -0.206575, -0.248607, -0.900845, -1.031415, -0.879090, -0.615067, -0.111929, 0.011189, -0.242079, -0.470223, -0.541557, -0.541557, -0.541557, -0.541557, -0.541557, -0.541557
.float -0.541557, -0.541557, -0.541557, -0.541557, -0.541557, -0.541557, -0.533926, -0.274364, -0.104686, -0.593757, -1.171256, -0.776698, -0.359429, -0.131924, -0.022363, -0.273426, -0.469562, -0.541557, -0.541557, -0.541557, -0.541557, -0.541557, -0.541557, -0.541557
.float -0.541557, -0.541557, -0.541557, -0.541557, -0.541557, -0.541557, -0.395516, -0.031868, -0.166800, -1.038320, -1.135652, -0.402459, 0.043947, 0.086085, -0.106102, -0.484093, -0.541557, -0.541557, -0.541557, -0.541557, -0.541557, -0.541557, -0.541557, -0.541557
.float -0.541557, -0.541557, -0.541557, -0.541557, -0.541557, -0.507217, -0.106462, 0.040413, -0.503247, -1.079729, -0.729278, -0.055520, 0.254379, 0.207461, -0.268767, -0.560150, -0.601569, -0.587492, -0.546728, -0.541557, -0.541557, -0.541557, -0.541557, -0.541557
.float -0.541557, -0.541557, -0.541557, -0.541557, -0.541557, -0.483417, -0.280358, -0.272059, -0.620022, -0.311700, 0.391248, 0.993584, 1.140832, 0.855089, 0.334803, -0.038830, -0.552214, -0.854669, -0.823436, -0.651194, -0.541557, -0.541557, -0.541557, -0.541557
.float -0.541557, -0.541557, -0.541557, -0.541557, -0.541557, -0.365402, -0.583245, -0.746765, -0.058124, 0.947799, 0.899170, 0.606303, 0.448301, 0.245538, 0.638270, 1.115157, 0.712089, -0.265959, -0.951651, -0.922313, -0.605684, -0.541557, -0.541557, -0.541557
.float -0.541557, -0.541557, -0.541557, -0.541557, -0.512940, -0.237809, -0.828295, -1.046344, 0.061128, 0.838472, 0.657065, 0.116866, -0.096783, -0.223777, 0.188193, 1.261868, 2.024159, 1.314879, -0.225400, -1.029935, -0.752064, -0.541557, -0.541557, -0.541557
.float -0.541557, -0.541557, -0.541557, -0.541557, -0.519498, -0.508426, -1.095945, -1.261080, -0.265895, 0.148863, 0.135918, -0.238915, -0.646195, -0.895236, -0.995704, -0.214471, 1.634571, 2.312368, 0.950540, -0.693893, -0.868997, -0.545694, -0.541557, -0.541557
.float -0.541557, -0.541557, -0.541557, -0.541557, -0.546720, -0.964051, -1.279142, -1.027858, -0.538617, -0.685955, -0.488951, -0.466476, -0.916677, -1.266449, -1.785853, -1.891326, 0.003400, 1.953646, 1.557688, -0.181834, -0.851074, -0.557607, -0.541557, -0.541557
.float -0.541557, -0.541557, -0.541557, -0.541557, -0.585580, -1.454991, -1.598537, -0.613178, -0.437744, -0.879309, -0.667578, -0.194751, -0.303092, -0.567415, -1.065393, -1.990226, -1.199054, 1.066036, 1.437038, 0.165101, -0.624026, -0.551245, -0.541557, -0.541557
.float -0.541557, -0.541557, -0.541557, -0.541557, -0.637197, -1.831470, -1.868761, -0.109138, 0.440238, -0.207836, -0.497031, -0.253544, -0.385594, -0.411122, -0.301164, -1.330733, -1.509291, 0.335493, 0.948166, 0.302195, -0.291083, -0.532901, -0.541557, -0.541557
.float -0.541557, -0.541557, -0.541557, -0.541557, -0.647345, -2.145872, -2.149239, 0.645372, 1.824624, 0.648835, -0.441718, -0.378167, 0.063688, 0.327560, 0.035557, -1.271344, -1.660538, -0.235661, 0.444945, 0.270619, -0.094647, -0.523988, -0.541557, -0.541557
.float -0.541557, -0.541557, -0.541557, -0.541557, -0.625278, -2.080054, -2.844638, 0.018964, 2.443475, 2.374051, 0.900780, 0.080827, 0.303051, 0.325627, -0.488481, -1.622864, -1.479931, -0.181954, 0.289879, 0.155162, -0.165259, -0.533631, -0.541557, -0.541557
.float -0.541557, -0.541557, -0.541557, -0.541557, -0.589610, -1.657912, -2.842785, -1.599024, 0.809603, 2.296622, 1.758164, 0.327308, -0.248047, -0.362139, -0.728564, -1.153682, -0.620619, 0.158946, 0.268366, -0.001545, -0.372866, -0.541557, -0.541557, -0.541557
.float -0.541557, -0.541557, -0.541557, -0.541557, -0.554538, -1.085631, -2.161689, -2.398273, -1.285798, 0.219761, 0.978066, 0.462423, -0.239528, -0.694281, -0.852578, -0.728039, -0.157392, 0.099128, 0.033805, -0.243163, -0.509853, -0.541557, -0.541557, -0.541557
.float -0.541557, -0.541557, -0.541557, -0.541557, -0.541557, -0.649624, -1.259889, -2.167837, -2.360104, -1.728539, -0.923906, -0.492119, -0.772196, -1.117776, -1.001327, -0.601904, -0.216518, -0.181485, -0.318848, -0.464355, -0.541557, -0.541557, -0.541557, -0.541557
.float -0.541557, -0.541557, -0.541557, -0.541557, -0.541557, -0.543411, -0.657011, -1.221091, -1.871479, -2.193477, -1.986532, -1.400324, -1.078437, -0.900471, -0.691965, -0.477578, -0.393116, -0.431255, -0.511852, -0.540896, -0.541557, -0.541557, -0.541557, -0.541557
.float -0.541557, -0.541557, -0.541557, -0.541557, -0.541557, -0.541557, -0.543411, -0.619415, -0.850467, -1.127634, -1.148064, -0.896594, -0.604410, -0.453081, -0.468717, -0.512361, -0.538932, -0.540896, -0.541557, -0.541557, -0.541557, -0.541557, -0.541557, -0.541557
.float -0.541557, -0.541557, -0.541557, -0.541557, -0.541557, -0.541557, -0.541557, -0.541557, -0.541557, -0.541557, -0.541557, -0.541557, -0.541557, -0.541557, -0.541557, -0.541557, -0.541557, -0.541557, -0.541557, -0.541557, -0.541557, -0.541557, -0.541557, -0.541557

.float -0.005194, -0.005194, -0.005194, -0.005194, -0.005194, -0.005194, -0.005194, -0.005194, -0.005194, -0.005194, -0.006482, -0.096921, -0.514865, -1.519817, -2.779085, -3.914410, -4.687098, -4.230910, -2.905121, -1.729445, -0.501737, -0.005194, -0.005194, -0.005194
.float -0.005194, -0.005194, -0.005194, -0.005194, -0.005194, -0.005194, -0.005194, -0.005194, -0.005194, -0.006482, -0.096557, -0.518815, -1.483727, -2.639023, -3.356961, -3.440817, -3.174049, -2.349273, -1.379033, -0.945923, -0.258354, -0.005194, -0.005194, -0.005194
.float -0.005194, -0.005194, -0.005194, -0.005194, -0.005194, -0.005194, -0.005194, -0.005194, -0.005194, -0.051480, -0.370219, -1.279660, -2.225441, -2.443799, -1.769935, -0.107245, 1.166969, 1.549179, 1.201848, 0.494662, 0.096467, -0.005194, -0.005194, -0.005194
.float -0.005194, -0.005194, -0.005194, -0.005194, -0.005194, -0.005194, -0.005194, -0.005194, -0.011634, -0.166597, -0.778434, -1.653794, -1.675725, -0.756801, 0.587333, 2.304387, 2.840498, 2.287284, 1.398744, 0.640827, 0.128755, -0.005194, -0.005194, -0.005194
.float -0.005194, -0.005194, -0.005194, -0.005194, -0.005194, -0.005194, -0.005194, -0.005194, -0.065958, -0.396041, -1.094386, -1.357951, -0.445892, 0.522346, 1.373752, 2.057459, 1.519008, 0.746094, 0.378289, 0.188250, 0.034102, -0.005194, -0.005194, -0.005194
.float -0.005194, -0.005194, -0.005194, -0.005194, -0.005194, -0.005194, -0.005194, -0.013567, -0.184483, -0.704980, -1.107140, -0.757293, 0.087326, 0.656218, 1.019752, 0.942447, 0.342976, 0.052943, -0.005194, -0.005194, -0.005194, -0.005194, -0.005194, -0.005194
.float -0.005194, -0.005194, -0.005194, -0.005194, -0.005194, -0.005194, -0.007770, -0.108652, -0.507045, -1.047444, -1.027365, -0.422615, -0.017060, 0.393174, 0.685134, 0.317314, 0.053482, -0.005194, -0.005194, -0.005194, -0.005194, -0.005194, -0.005194, -0.005194
.float -0.005194, -0.005194, -0.005194, -0.005194, -0.005194, -0.005194, -0.056549, -0.385432, -1.076930, -1.318443, -0.805836, -0.352448, 0.123201, 0.541786, 0.416407, 0.041639, -0.005194, -0.005194, -0.005194, -0.005194, -0.005194, -0.005194, -0.005194, -0.005194
.float -0.005194, -0.005194, -0.005194, -0.005194, -0.005194, -0.016787, -0.221193, -0.922425, -1.575188, -1.321093, -0.665576, -0.209772, 0.196312, 0.341655, -0.211710, -0.312180, -0.195227, -0.103407, -0.015639, -0.005194, -0.005194, -0.005194, -0.005194, -0.005194
.float -0.005194, -0.005194, -0.005194, -0.005194, -0.005194, -0.034067, -0.305400, -1.103417, -1.445036, -0.990873, -1.186833, -1.206288, -1.482650, -2.262102, -2.926261, -2.740759, -2.178672, -1.442557, -0.697007, -0.226619, -0.005194, -0.005194, -0.005194, -0.005194
.float -0.005194, -0.005194, -0.005194, -0.005194, -0.005194, -0.081114, -0.278364, -0.738098, -1.120375, -1.487373, -2.460538, -2.932077, -3.083561, -3.525562, -3.736026, -3.897711, -3.867057, -3.146651, -2.083991, -0.994235, -0.134707, -0.005194, -0.005194, -0.005194
.float -0.005194, -0.005194, -0.005194, -0.005194, -0.014855, -0.171016, -0.345643, -0.646073, -1.203167, -2.301341, -2.646897, -2.272840, -1.481514, -0.629847, -0.194714, -0.838923, -2.224346, -2.817208, -2.523167, -1.808936, -0.519597, -0.005194, -0.005194, -0.005194
.float -0.005194, -0.005194, -0.005194, -0.005194, -0.020346, -0.132588, -0.337034, -0.615724, -0.920598, -1.323296, -0.239529, 0.815497, 1.800900, 2.720832, 2.919516, 2.296232, 0.362504, -1.381625, -1.891509, -2.016687, -0.932007, -0.013550, -0.005194, -0.005194
.float -0.005194, -0.005194, -0.005194, -0.005194, -0.010057, 0.143629, -0.012582, -0.175571, 0.347618, 0.756866, 2.003426, 2.707026, 2.419733, 2.222617, 2.238850, 2.237231, 0.885986, -0.818138, -1.419055, -1.852210, -1.150649, -0.043368, -0.005194, -0.005194
.float -0.005194, -0.005194, -0.005194, -0.005194, 0.019032, 0.546947, 0.476581, 0.213033, 0.961753, 1.090571, 1.410125, 1.624305, 0.864950, 0.515956, 0.646573, 1.078910, 0.322799, -0.938283, -1.213026, -1.460640, -0.988270, -0.045046, -0.005194, -0.005194
.float -0.005194, -0.005194, -0.005194, -0.005194, 0.052098, 0.830111, 0.795227, 0.076226, 0.262549, -0.185327, -0.133804, 0.504516, 0.161078, -0.018725, -0.129182, 0.063739, -0.277933, -0.902701, -0.882884, -0.769099, -0.369748, -0.002547, -0.005194, -0.005194
.float -0.005194, -0.005194, -0.005194, -0.005194, 0.062467, 1.002060, 1.273797, 0.067178, -0.621812, -1.277755, -1.471292, -0.686088, -0.698238, -1.102799, -1.706627, -1.688231, -1.268078, -0.849876, -0.428199, 0.042461, 0.206130, 0.009687, -0.005194, -0.005194
.float -0.005194, -0.005194, -0.005194, -0.005194, 0.057196, 1.064894, 1.935237, 0.889149, -0.669905, -2.015464, -3.287637, -3.493857, -3.307370, -3.571546, -3.659953, -2.584895, -1.178951, -0.105126, 0.460489, 0.599904, 0.301836, 0.001265, -0.005194, -0.005194
.float -0.005194, -0.005194, -0.005194, -0.005194, 0.033705, 0.862485, 1.964878, 1.854296, 0.643971, -1.045367, -2.858036, -4.048919, -3.878884, -3.302283, -1.984076, -0.150984, 1.014289, 1.355840, 1.183129, 0.619450, 0.134538, -0.005194, -0.005194, -0.005194
.float -0.005194, -0.005194, -0.005194, -0.005194, 0.005511, 0.437692, 1.354632, 1.939561, 2.059752, 1.524651, 0.530650, -0.207289, 0.001041, 0.880629, 2.190754, 2.890402, 2.511390, 1.667323, 0.897288, 0.286997, 0.020645, -0.005194, -0.005194, -0.005194
.float -0.005194, -0.005194, -0.005194, -0.005194, -0.005194, 0.083822, 0.588184, 1.409403, 2.094440, 2.708669, 3.139635, 3.265103, 3.339943, 3.397190, 3.171288, 2.465534, 1.504174, 0.736394, 0.285261, 0.057772, -0.005194, -0.005194, -0.005194, -0.005194
.float -0.005194, -0.005194, -0.005194, -0.005194, -0.005194, -0.003665, 0.090034, 0.559704, 1.187788, 1.834374, 2.394640, 2.594851, 2.365506, 1.834240, 1.155804, 0.637852, 0.328858, 0.127222, 0.019932, -0.004656, -0.005194, -0.005194, -0.005194, -0.005194
.float -0.005194, -0.005194, -0.005194, -0.005194, -0.005194, -0.005194, -0.003665, 0.059133, 0.254943, 0.513783, 0.614745, 0.545263, 0.406247, 0.244910, 0.103440, 0.023495, -0.002139, -0.004656, -0.005194, -0.005194, -0.005194, -0.005194, -0.005194, -0.005194
.float -0.005194, -0.005194, -0.005194, -0.005194, -0.005194, -0.005194, -0.005194, -0.005194, -0.005194, -0.005194, -0.005194, -0.005194, -0.005194, -0.005194, -0.005194, -0.005194, -0.005194, -0.005194, -0.005194, -0.005194, -0.005194, -0.005194, -0.005194, -0.005194

