.float 0.000000, 0.000000, 0.000000, 0.000000, 0.000000, 0.000000, 0.000000, 0.000000, 0.000000, 0.000000, 0.000000, 0.000000, 0.000000, 0.000000, 0.000000, 0.097775, 0.090784, 0.000000, 0.000000, 0.000000, 0.000000, 0.000000, 0.000000, 0.000000
.float 0.000000, 0.000000, 0.000000, 0.000000, 0.000000, 0.000000, 0.000000, 0.000000, 0.000000, 0.000000, 0.000000, 0.000000, 0.000000, 0.000000, 0.000000, 0.000000, 0.000000, 0.060824, 0.103322, 0.000000, 0.000000, 0.000000, 0.000000, 0.000000
.float 0.000000, 0.000000, 0.000000, 0.000000, 0.000000, 0.000000, 0.000000, 0.000000, 0.000000, 0.000000, 0.000000, 0.000000, 0.000000, 0.000000, 0.000000, 0.000000, 0.000000, 0.000000, 0.000000, 0.000000, 0.000000, 0.000000, 0.000000, 0.000000
.float 0.000000, 0.000000, 0.000000, 0.000000, 0.000000, 0.000000, 0.000000, 0.000000, 0.000000, 0.000000, 0.000000, 0.000000, 0.000000, 0.000000, 0.000000, 0.000000, 0.000000, 0.000000, 0.000000, 0.000000, 0.000000, 0.000000, 0.000000, 0.000000
.float 0.000000, 0.000000, 0.000000, 0.000000, 0.000000, 0.000000, 0.000000, 0.000000, 0.000000, 0.000000, 0.000000, 0.000000, 0.000000, 0.035240, 0.122860, 0.000000, 0.000000, 0.000000, 0.000000, 0.000000, 0.000000, 0.000000, 0.000000, 0.000000
.float 0.000000, 0.000000, 0.000000, 0.000000, 0.000000, 0.000000, 0.000000, 0.000000, 0.000000, 0.000000, 0.000000, 0.000000, 0.000000, 0.235290, 0.000000, 0.000000, 0.000000, 0.000000, 0.000000, 0.000000, 0.000000, 0.000000, 0.000000, 0.000000
.float 0.000000, 0.000000, 0.000000, 0.000000, 0.000000, 0.000000, 0.000000, 0.000000, 0.000000, 0.000000, 0.000000, 0.000000, 0.248436, 0.000000, 0.000000, 0.000000, 0.000000, 0.000000, 0.000000, 0.000000, 0.000000, 0.000000, 0.000000, 0.000000
.float 0.000000, 0.000000, 0.000000, 0.000000, 0.000000, 0.000000, 0.000000, 0.000000, 0.000000, 0.000000, 0.000000, 0.111830, 0.125071, 0.000000, 0.000000, 0.000000, 0.000000, 0.000000, 0.000000, 0.000000, 0.000000, 0.000000, 0.000000, 0.000000
.float 0.000000, 0.000000, 0.000000, 0.000000, 0.000000, 0.000000, 0.000000, 0.000000, 0.000000, 0.000000, 0.000000, 0.286732, 0.000000, 0.000000, 0.000000, 0.000000, 0.000000, 0.000000, 0.000000, 0.000000, 0.000000, 0.000000, 0.000000, 0.000000
.float 0.000000, 0.000000, 0.000000, 0.000000, 0.000000, 0.000000, 0.000000, 0.000000, 0.000000, 0.000000, 0.576105, 0.423164, 0.000000, 0.000000, 0.000000, 0.000000, 0.000000, 0.000000, 0.000000, 0.000000, 0.000000, 0.000000, 0.000000, 0.000000
.float 0.000000, 0.000000, 0.000000, 0.000000, 0.000000, 0.000000, 0.000000, 0.000000, 0.000000, 0.515644, 0.548434, 0.000000, 0.000000, 0.000000, 0.320273, 0.475394, 0.251272, 0.000000, 0.000000, 0.000000, 0.000000, 0.000000, 0.000000, 0.000000
.float 0.000000, 0.000000, 0.000000, 0.000000, 0.000000, 0.000000, 0.000000, 0.000000, 0.019448, 0.313121, 0.000000, 0.000000, 0.000000, 0.000000, 0.000000, 0.000000, 0.165130, 0.075972, 0.000000, 0.000000, 0.000000, 0.000000, 0.000000, 0.000000
.float 0.000000, 0.000000, 0.000000, 0.000000, 0.000000, 0.000000, 0.000000, 0.000000, 0.000000, 0.000000, 0.000000, 0.000000, 0.000000, 0.000000, 0.000000, 0.000000, 0.000000, 0.000000, 0.000000, 0.000000, 0.000000, 0.000000, 0.000000, 0.000000
.float 0.000000, 0.000000, 0.000000, 0.000000, 0.000000, 0.000000, 0.000000, 0.000000, 0.000000, 0.000000, 0.000000, 0.000000, 0.000000, 0.000000, 0.000000, 0.000000, 0.000000, 0.000000, 0.000000, 0.000000, 0.000000, 0.000000, 0.000000, 0.000000
.float 0.000000, 0.000000, 0.000000, 0.000000, 0.000000, 0.000000, 0.000000, 0.000000, 0.000000, 0.061635, 0.000000, 0.000000, 0.000000, 0.000000, 0.000000, 0.000000, 0.000000, 0.000000, 0.010368, 0.000000, 0.000000, 0.000000, 0.000000, 0.000000
.float 0.000000, 0.000000, 0.000000, 0.000000, 0.000000, 0.000000, 0.000000, 0.000000, 0.293785, 0.000000, 0.000000, 0.000000, 0.000000, 0.000000, 0.000000, 0.000000, 0.000000, 0.000000, 0.134934, 0.000000, 0.000000, 0.000000, 0.000000, 0.000000
.float 0.000000, 0.000000, 0.000000, 0.000000, 0.000000, 0.000000, 0.000000, 0.000000, 0.403037, 0.000000, 0.000000, 0.000000, 0.000000, 0.000000, 0.000000, 0.000000, 0.000000, 0.000000, 0.186565, 0.000000, 0.000000, 0.000000, 0.000000, 0.000000
.float 0.000000, 0.000000, 0.000000, 0.000000, 0.000000, 0.000000, 0.000000, 0.000000, 0.497516, 0.219545, 0.000000, 0.046842, 0.000000, 0.000000, 0.000000, 0.000000, 0.000000, 0.206715, 0.098668, 0.000000, 0.000000, 0.000000, 0.000000, 0.000000
.float 0.000000, 0.000000, 0.000000, 0.000000, 0.000000, 0.000000, 0.000000, 0.000000, 0.000000, 0.000000, 0.000000, 0.161997, 0.000000, 0.000000, 0.000000, 0.000000, 0.093295, 0.047019, 0.000000, 0.000000, 0.000000, 0.000000, 0.000000, 0.000000
.float 0.000000, 0.000000, 0.000000, 0.000000, 0.000000, 0.000000, 0.000000, 0.000000, 0.000000, 0.000000, 0.000000, 0.000000, 0.000000, 0.000000, 0.000000, 0.000000, 0.000000, 0.000000, 0.000000, 0.000000, 0.000000, 0.000000, 0.000000, 0.000000
.float 0.000000, 0.000000, 0.000000, 0.000000, 0.000000, 0.000000, 0.000000, 0.000000, 0.000000, 0.000000, 0.000000, 0.000000, 0.000000, 0.000000, 0.000000, 0.000000, 0.000000, 0.000000, 0.000000, 0.000000, 0.000000, 0.000000, 0.000000, 0.000000
.float 0.000000, 0.000000, 0.000000, 0.000000, 0.000000, 0.000000, 0.000000, 0.000000, 0.000000, 0.000000, 0.000000, 0.000000, 0.000000, 0.000000, 0.000000, 0.000000, 0.000000, 0.000000, 0.000000, 0.000000, 0.000000, 0.000000, 0.000000, 0.000000
.float 0.000000, 0.000000, 0.000000, 0.000000, 0.000000, 0.000000, 0.000000, 0.000000, 0.000000, 0.000000, 0.000000, 0.000000, 0.000000, 0.000000, 0.000000, 0.000000, 0.000000, 0.000000, 0.000000, 0.000000, 0.000000, 0.000000, 0.000000, 0.000000
.float 0.000000, 0.000000, 0.000000, 0.000000, 0.000000, 0.000000, 0.000000, 0.000000, 0.000000, 0.000000, 0.000000, 0.000000, 0.000000, 0.000000, 0.000000, 0.000000, 0.000000, 0.000000, 0.000000, 0.000000, 0.000000, 0.000000, 0.000000, 0.000000

.float 0.177505, 0.177505, 0.177505, 0.177505, 0.177505, 0.177505, 0.177505, 0.177505, 0.177505, 0.177505, 0.180184, 0.361993, 0.824393, 1.372102, 1.997939, 2.791229, 3.011515, 2.511695, 1.837484, 1.216476, 0.459964, 0.177505, 0.177505, 0.177505
.float 0.177505, 0.177505, 0.177505, 0.177505, 0.177505, 0.177505, 0.177505, 0.177505, 0.177505, 0.180184, 0.361671, 0.838330, 1.262700, 1.636890, 2.099712, 2.450214, 2.269012, 1.638889, 0.850605, 0.429279, 0.199303, 0.177505, 0.177505, 0.177505
.float 0.177505, 0.177505, 0.177505, 0.177505, 0.177505, 0.177505, 0.177505, 0.177505, 0.177505, 0.274618, 0.749445, 1.170075, 1.080357, 0.969322, 0.774190, 0.000000, 0.000000, 0.000000, 0.000000, 0.000000, 0.000000, 0.177505, 0.177505, 0.177505
.float 0.177505, 0.177505, 0.177505, 0.177505, 0.177505, 0.177505, 0.177505, 0.177505, 0.190897, 0.510774, 0.936784, 0.730361, 0.177380, 0.000000, 0.000000, 0.000000, 0.000000, 0.000000, 0.000000, 0.000000, 0.000000, 0.177505, 0.177505, 0.177505
.float 0.177505, 0.177505, 0.177505, 0.177505, 0.177505, 0.177505, 0.177505, 0.177505, 0.308200, 0.736461, 0.591730, 0.000000, 0.000000, 0.000000, 0.000000, 0.000000, 0.000000, 0.000000, 0.000000, 0.000000, 0.000000, 0.177505, 0.177505, 0.177505
.float 0.177505, 0.177505, 0.177505, 0.177505, 0.177505, 0.177505, 0.177505, 0.194914, 0.546967, 0.678935, 0.000000, 0.000000, 0.000000, 0.000000, 0.000000, 0.000000, 0.000000, 0.000000, 0.177505, 0.177505, 0.177505, 0.177505, 0.177505, 0.177505
.float 0.177505, 0.177505, 0.177505, 0.177505, 0.177505, 0.177505, 0.182862, 0.384924, 0.777749, 0.254064, 0.000000, 0.000000, 0.000000, 0.000000, 0.000000, 0.000000, 0.000000, 0.177505, 0.177505, 0.177505, 0.177505, 0.177505, 0.177505, 0.177505
.float 0.177505, 0.177505, 0.177505, 0.177505, 0.177505, 0.177505, 0.286026, 0.753337, 0.744028, 0.000000, 0.000000, 0.000000, 0.000000, 0.000000, 0.000000, 0.000000, 0.177505, 0.177505, 0.177505, 0.177505, 0.177505, 0.177505, 0.177505, 0.177505
.float 0.177505, 0.177505, 0.177505, 0.177505, 0.177505, 0.201610, 0.600822, 0.987786, 0.344462, 0.000000, 0.000000, 0.000000, 0.000000, 0.000000, 0.000000, 0.359168, 0.319674, 0.263983, 0.186976, 0.177505, 0.177505, 0.177505, 0.177505, 0.177505
.float 0.177505, 0.177505, 0.177505, 0.177505, 0.177505, 0.245364, 0.717107, 0.628712, 0.000000, 0.000000, 0.000000, 0.000000, 0.000000, 0.162965, 1.857921, 1.870369, 1.468497, 1.117483, 0.742243, 0.378276, 0.177505, 0.177505, 0.177505, 0.177505
.float 0.177505, 0.177505, 0.177505, 0.177505, 0.177505, 0.353155, 0.378404, 0.000000, 0.000000, 0.172858, 0.000000, 0.000000, 0.128132, 1.918064, 2.647105, 2.580617, 2.192362, 1.731184, 1.397764, 0.873016, 0.294937, 0.177505, 0.177505, 0.177505
.float 0.177505, 0.177505, 0.177505, 0.177505, 0.197592, 0.537784, 0.000000, 0.000000, 0.000000, 0.000000, 0.000000, 0.000000, 0.000000, 0.369580, 0.306090, 1.023771, 1.561791, 1.432106, 1.342906, 1.205026, 0.544863, 0.177505, 0.177505, 0.177505
.float 0.177505, 0.177505, 0.177505, 0.177505, 0.215530, 0.469898, 0.000000, 0.000000, 0.000000, 0.000000, 0.000000, 0.000000, 0.000000, 0.000000, 0.000000, 0.000000, 0.000000, 0.163265, 0.529281, 0.964173, 0.723940, 0.185082, 0.177505, 0.177505
.float 0.177505, 0.177505, 0.177505, 0.177505, 0.196428, 0.000000, 0.000000, 0.000000, 0.000000, 0.000000, 0.000000, 0.000000, 0.000000, 0.000000, 0.000000, 0.000000, 0.000000, 0.000000, 0.000000, 0.140802, 0.623205, 0.205727, 0.177505, 0.177505
.float 0.177505, 0.177505, 0.177505, 0.177505, 0.143657, 0.000000, 0.000000, 0.000000, 0.000000, 0.000000, 0.000000, 0.000000, 0.000000, 0.000000, 0.000000, 0.000000, 0.000000, 0.000000, 0.000000, 0.000000, 0.000000, 0.190996, 0.177505, 0.177505
.float 0.177505, 0.177505, 0.177505, 0.177505, 0.085131, 0.000000, 0.000000, 0.000000, 0.000000, 0.000000, 0.000000, 0.000000, 0.000000, 0.096345, 0.316478, 0.000000, 0.000000, 0.000000, 0.000000, 0.000000, 0.000000, 0.156202, 0.177505, 0.177505
.float 0.177505, 0.177505, 0.177505, 0.177505, 0.060454, 0.000000, 0.000000, 0.000000, 0.000000, 0.000000, 0.000000, 0.375448, 0.650028, 1.029547, 1.276183, 0.090840, 0.000000, 0.000000, 0.000000, 0.000000, 0.000000, 0.123944, 0.177505, 0.177505
.float 0.177505, 0.177505, 0.177505, 0.177505, 0.067424, 0.000000, 0.000000, 0.000000, 0.000000, 0.000000, 0.507488, 2.470522, 2.485899, 2.552137, 2.012341, 0.495212, 0.000000, 0.000000, 0.000000, 0.000000, 0.000000, 0.127860, 0.177505, 0.177505
.float 0.177505, 0.177505, 0.177505, 0.177505, 0.110590, 0.000000, 0.000000, 0.000000, 0.000000, 0.000000, 0.423534, 2.276917, 2.322171, 1.972274, 0.587268, 0.000000, 0.000000, 0.000000, 0.000000, 0.000000, 0.000000, 0.177505, 0.177505, 0.177505
.float 0.177505, 0.177505, 0.177505, 0.177505, 0.159551, 0.000000, 0.000000, 0.000000, 0.000000, 0.000000, 0.000000, 0.000000, 0.000000, 0.000000, 0.000000, 0.000000, 0.000000, 0.000000, 0.000000, 0.000000, 0.000000, 0.177505, 0.177505, 0.177505
.float 0.177505, 0.177505, 0.177505, 0.177505, 0.177505, 0.027974, 0.000000, 0.000000, 0.000000, 0.000000, 0.000000, 0.000000, 0.000000, 0.000000, 0.000000, 0.000000, 0.000000, 0.000000, 0.000000, 0.000000, 0.177505, 0.177505, 0.177505, 0.177505
.float 0.177505, 0.177505, 0.177505, 0.177505, 0.177505, 0.174940, 0.017029, 0.000000, 0.000000, 0.000000, 0.000000, 0.000000, 0.000000, 0.000000, 0.000000, 0.000000, 0.000000, 0.000000, 0.000000, 0.173368, 0.177505, 0.177505, 0.177505, 0.177505
.float 0.177505, 0.177505, 0.177505, 0.177505, 0.177505, 0.177505, 0.174940, 0.069094, 0.000000, 0.000000, 0.000000, 0.000000, 0.000000, 0.000000, 0.000000, 0.000000, 0.157463, 0.173368, 0.177505, 0.177505, 0.177505, 0.177505, 0.177505, 0.177505
.float 0.177505, 0.177505, 0.177505, 0.177505, 0.177505, 0.177505, 0.177505, 0.177505, 0.177505, 0.177505, 0.177505, 0.177505, 0.177505, 0.177505, 0.177505, 0.177505, 0.177505, 0.177505, 0.177505, 0.177505, 0.177505, 0.177505, 0.177505, 0.177505

.float 0.000000, 0.000000, 0.000000, 0.000000, 0.000000, 0.000000, 0.000000, 0.000000, 0.000000, 0.000000, 0.000000, 0.000000, 0.000000, 0.000000, 0.000000, 0.000000, 0.000000, 0.305755, 0.667522, 0.456593, 0.000000, 0.000000, 0.000000, 0.000000
.float 0.000000, 0.000000, 0.000000, 0.000000, 0.000000, 0.000000, 0.000000, 0.000000, 0.000000, 0.000000, 0.000000, 0.000000, 0.000000, 0.000000, 0.000000, 0.760407, 1.395420, 1.362359, 0.821523, 0.000000, 0.000000, 0.000000, 0.000000, 0.000000
.float 0.000000, 0.000000, 0.000000, 0.000000, 0.000000, 0.000000, 0.000000, 0.000000, 0.000000, 0.000000, 0.000000, 0.000000, 0.000000, 0.000000, 2.071981, 2.499124, 1.204236, 0.000000, 0.000000, 0.000000, 0.000000, 0.000000, 0.000000, 0.000000
.float 0.000000, 0.000000, 0.000000, 0.000000, 0.000000, 0.000000, 0.000000, 0.000000, 0.000000, 0.000000, 0.000000, 0.000000, 0.000000, 2.472845, 2.877228, 0.534832, 0.000000, 0.000000, 0.000000, 0.000000, 0.000000, 0.000000, 0.000000, 0.000000
.float 0.000000, 0.000000, 0.000000, 0.000000, 0.000000, 0.000000, 0.000000, 0.000000, 0.000000, 0.000000, 0.000000, 0.000000, 1.895013, 2.816692, 0.122379, 0.000000, 0.000000, 0.000000, 0.000000, 0.000000, 0.000000, 0.000000, 0.000000, 0.000000
.float 0.000000, 0.000000, 0.000000, 0.000000, 0.000000, 0.000000, 0.000000, 0.000000, 0.000000, 0.000000, 0.000000, 0.924791, 2.656215, 0.661656, 0.000000, 0.000000, 0.000000, 0.000000, 0.000000, 0.000000, 0.000000, 0.000000, 0.000000, 0.000000
.float 0.000000, 0.000000, 0.000000, 0.000000, 0.000000, 0.000000, 0.000000, 0.000000, 0.000000, 0.000000, 0.000000, 2.122627, 1.592239, 0.000000, 0.000000, 0.000000, 0.000000, 0.000000, 0.000000, 0.000000, 0.000000, 0.000000, 0.000000, 0.000000
.float 0.000000, 0.000000, 0.000000, 0.000000, 0.000000, 0.000000, 0.000000, 0.000000, 0.000000, 0.000000, 1.330084, 2.349453, 0.000000, 0.000000, 0.000000, 0.000000, 0.000000, 0.000000, 0.000000, 0.000000, 0.000000, 0.000000, 0.000000, 0.000000
.float 0.000000, 0.000000, 0.000000, 0.000000, 0.000000, 0.000000, 0.000000, 0.000000, 0.000000, 0.398773, 2.566952, 1.099790, 0.000000, 0.000000, 0.000000, 0.000000, 0.000000, 0.000000, 0.000000, 0.000000, 0.000000, 0.000000, 0.000000, 0.000000
.float 0.000000, 0.000000, 0.000000, 0.000000, 0.000000, 0.000000, 0.000000, 0.000000, 0.000000, 1.890836, 1.845750, 0.000000, 0.000000, 0.000000, 0.000000, 0.000000, 0.000000, 0.000000, 0.000000, 0.000000, 0.000000, 0.000000, 0.000000, 0.000000
.float 0.000000, 0.000000, 0.000000, 0.000000, 0.000000, 0.000000, 0.000000, 0.000000, 0.622983, 1.673075, 0.000000, 0.000000, 0.000000, 0.084455, 0.211518, 0.072587, 0.048171, 0.076649, 0.254010, 0.068415, 0.000000, 0.000000, 0.000000, 0.000000
.float 0.000000, 0.000000, 0.000000, 0.000000, 0.000000, 0.000000, 0.000000, 0.000000, 0.837575, 0.310265, 0.000000, 0.000000, 0.884781, 1.073459, 0.210243, 0.000000, 0.000000, 0.000000, 0.130777, 0.178782, 0.000000, 0.000000, 0.000000, 0.000000
.float 0.000000, 0.000000, 0.000000, 0.000000, 0.000000, 0.000000, 0.000000, 0.000000, 0.798911, 0.522525, 0.000000, 0.724374, 0.945785, 0.000000, 0.000000, 0.000000, 0.000000, 0.000000, 0.000000, 0.000000, 0.000000, 0.000000, 0.000000, 0.000000
.float 0.000000, 0.000000, 0.000000, 0.000000, 0.000000, 0.000000, 0.000000, 0.564582, 1.496955, 1.045516, 0.222356, 0.000000, 0.000000, 0.000000, 0.000000, 0.000000, 0.000000, 0.000000, 0.000000, 0.000000, 0.000000, 0.000000, 0.000000, 0.000000
.float 0.000000, 0.000000, 0.000000, 0.000000, 0.000000, 0.000000, 0.000000, 0.904776, 1.461656, 0.000000, 0.000000, 0.000000, 0.000000, 0.000000, 0.000000, 0.000000, 0.000000, 0.000000, 0.096390, 0.000000, 0.000000, 0.000000, 0.000000, 0.000000
.float 0.000000, 0.000000, 0.000000, 0.000000, 0.000000, 0.000000, 0.000000, 0.665334, 0.631930, 0.000000, 0.000000, 0.000000, 0.000000, 0.000000, 0.000000, 0.000000, 0.000000, 0.468230, 0.727817, 0.000000, 0.000000, 0.000000, 0.000000, 0.000000
.float 0.000000, 0.000000, 0.000000, 0.000000, 0.000000, 0.000000, 0.080650, 0.518074, 0.000000, 0.000000, 0.000000, 0.000000, 0.000000, 0.000000, 0.000000, 0.000000, 0.496165, 1.697376, 0.603137, 0.000000, 0.000000, 0.000000, 0.000000, 0.000000
.float 0.000000, 0.000000, 0.000000, 0.000000, 0.000000, 0.000000, 0.309107, 0.183859, 0.000000, 0.000000, 0.000000, 0.000000, 0.000000, 0.000000, 0.000000, 0.574558, 2.437913, 1.970052, 0.000000, 0.000000, 0.000000, 0.000000, 0.000000, 0.000000
.float 0.000000, 0.000000, 0.000000, 0.000000, 0.000000, 0.080134, 0.325229, 0.000000, 0.000000, 0.000000, 0.000000, 0.000000, 0.000000, 0.552951, 1.353259, 2.496093, 2.218771, 0.000000, 0.000000, 0.000000, 0.000000, 0.000000, 0.000000, 0.000000
.float 0.000000, 0.000000, 0.000000, 0.000000, 0.000000, 0.000000, 0.264188, 0.000000, 0.000000, 0.000000, 0.000000, 0.000000, 0.986962, 1.598378, 1.572559, 0.808846, 0.000000, 0.000000, 0.000000, 0.000000, 0.000000, 0.000000, 0.000000, 0.000000
.float 0.000000, 0.000000, 0.000000, 0.000000, 0.000000, 0.000000, 0.050913, 0.176533, 0.000000, 0.000000, 0.000000, 0.000000, 0.011889, 0.000000, 0.000000, 0.000000, 0.000000, 0.000000, 0.000000, 0.000000, 0.000000, 0.000000, 0.000000, 0.000000
.float 0.000000, 0.000000, 0.000000, 0.000000, 0.000000, 0.000000, 0.000000, 0.040210, 0.162582, 0.000000, 0.000000, 0.000000, 0.000000, 0.000000, 0.000000, 0.000000, 0.000000, 0.000000, 0.000000, 0.000000, 0.000000, 0.000000, 0.000000, 0.000000
.float 0.000000, 0.000000, 0.000000, 0.000000, 0.000000, 0.000000, 0.000000, 0.000000, 0.000000, 0.000000, 0.000000, 0.000000, 0.000000, 0.000000, 0.000000, 0.000000, 0.000000, 0.000000, 0.000000, 0.000000, 0.000000, 0.000000, 0.000000, 0.000000
.float 0.000000, 0.000000, 0.000000, 0.000000, 0.000000, 0.000000, 0.000000, 0.000000, 0.000000, 0.000000, 0.000000, 0.000000, 0.000000, 0.000000, 0.000000, 0.000000, 0.000000, 0.000000, 0.000000, 0.000000, 0.000000, 0.000000, 0.000000, 0.000000

.float 0.000000, 0.000000, 0.000000, 0.000000, 0.000000, 0.000000, 0.000000, 0.000000, 0.000000, 0.000000, 0.000000, 0.000000, 0.000000, 0.000000, 0.000000, 0.000000, 0.000000, 0.000000, 0.350316, 0.743399, 0.237288, 0.000000, 0.000000, 0.000000
.float 0.000000, 0.000000, 0.000000, 0.000000, 0.000000, 0.000000, 0.000000, 0.000000, 0.000000, 0.000000, 0.000000, 0.000000, 0.000000, 0.000000, 0.000000, 0.000000, 0.000000, 0.851666, 1.350567, 1.064103, 0.263364, 0.000000, 0.000000, 0.000000
.float 0.000000, 0.000000, 0.000000, 0.000000, 0.000000, 0.000000, 0.000000, 0.000000, 0.000000, 0.000000, 0.000000, 0.000000, 0.000000, 0.000000, 0.000000, 0.000000, 0.979164, 1.566327, 1.610010, 1.032365, 0.246564, 0.000000, 0.000000, 0.000000
.float 0.000000, 0.000000, 0.000000, 0.000000, 0.000000, 0.000000, 0.000000, 0.000000, 0.000000, 0.000000, 0.000000, 0.000000, 0.000000, 0.000000, 0.501398, 1.476246, 1.781598, 1.906090, 1.471191, 0.837891, 0.194808, 0.000000, 0.000000, 0.000000
.float 0.000000, 0.000000, 0.000000, 0.000000, 0.000000, 0.000000, 0.000000, 0.000000, 0.000000, 0.000000, 0.000000, 0.000000, 0.000000, 0.497322, 2.522637, 2.079462, 1.465341, 1.068291, 0.610243, 0.316656, 0.051697, 0.000000, 0.000000, 0.000000
.float 0.000000, 0.000000, 0.000000, 0.000000, 0.000000, 0.000000, 0.000000, 0.000000, 0.000000, 0.000000, 0.000000, 0.000000, 0.000000, 2.612647, 2.694417, 1.420738, 0.536700, 0.089270, 0.000000, 0.000000, 0.000000, 0.000000, 0.000000, 0.000000
.float 0.000000, 0.000000, 0.000000, 0.000000, 0.000000, 0.000000, 0.000000, 0.000000, 0.000000, 0.000000, 0.000000, 0.000000, 2.010242, 3.011662, 1.675128, 0.498700, 0.090344, 0.000000, 0.000000, 0.000000, 0.000000, 0.000000, 0.000000, 0.000000
.float 0.000000, 0.000000, 0.000000, 0.000000, 0.000000, 0.000000, 0.000000, 0.000000, 0.000000, 0.000000, 0.000000, 0.798477, 3.048792, 2.131763, 0.745988, 0.066726, 0.000000, 0.000000, 0.000000, 0.000000, 0.000000, 0.000000, 0.000000, 0.000000
.float 0.000000, 0.000000, 0.000000, 0.000000, 0.000000, 0.000000, 0.000000, 0.000000, 0.000000, 0.000000, 0.000000, 2.328059, 2.402168, 0.844585, 0.049664, 0.000000, 0.000000, 0.019917, 0.000000, 0.000000, 0.000000, 0.000000, 0.000000, 0.000000
.float 0.000000, 0.000000, 0.000000, 0.000000, 0.000000, 0.000000, 0.000000, 0.000000, 0.000000, 0.000000, 0.157958, 1.038834, 0.000000, 0.000000, 0.000000, 0.000000, 0.000000, 0.000000, 0.153592, 0.101738, 0.000000, 0.000000, 0.000000, 0.000000
.float 0.000000, 0.000000, 0.000000, 0.000000, 0.000000, 0.000000, 0.000000, 0.000000, 0.000000, 0.000000, 0.289190, 0.248015, 0.000000, 0.000000, 0.000000, 0.000000, 0.000000, 0.000000, 0.340452, 0.394112, 0.048436, 0.000000, 0.000000, 0.000000
.float 0.000000, 0.000000, 0.000000, 0.000000, 0.000000, 0.000000, 0.000000, 0.000000, 0.000000, 0.000000, 0.713875, 0.429733, 0.106938, 0.000000, 0.000000, 0.000000, 0.000000, 0.000000, 0.508028, 0.803770, 0.257472, 0.000000, 0.000000, 0.000000
.float 0.000000, 0.000000, 0.000000, 0.000000, 0.000000, 0.000000, 0.000000, 0.000000, 0.000000, 0.222280, 1.188541, 1.043557, 0.662880, 0.232261, 0.000000, 0.000000, 0.000000, 0.000000, 0.673774, 1.346797, 0.562881, 0.000000, 0.000000, 0.000000
.float 0.000000, 0.000000, 0.000000, 0.000000, 0.000000, 0.000000, 0.000000, 0.000000, 0.000000, 1.292517, 2.018048, 1.735290, 1.343749, 0.835732, 0.000000, 0.000000, 0.000000, 0.000000, 0.799464, 1.937963, 0.923195, 0.000000, 0.000000, 0.000000
.float 0.000000, 0.000000, 0.000000, 0.000000, 0.000000, 0.000000, 0.000000, 0.000000, 0.000000, 2.622455, 2.830085, 1.821645, 1.103586, 0.391817, 0.000000, 0.000000, 0.000000, 0.000000, 1.091347, 2.530821, 1.202750, 0.000000, 0.000000, 0.000000
.float 0.000000, 0.000000, 0.000000, 0.000000, 0.000000, 0.000000, 0.000000, 0.000000, 0.450474, 3.284769, 2.411599, 0.713741, 0.265911, 0.000000, 0.000000, 0.000000, 0.000000, 0.000000, 1.836252, 2.816979, 1.176809, 0.000000, 0.000000, 0.000000
.float 0.000000, 0.000000, 0.000000, 0.000000, 0.000000, 0.000000, 0.000000, 0.000000, 0.188171, 2.054489, 1.236912, 0.000000, 0.000000, 0.000000, 0.000000, 0.000000, 0.000000, 0.000000, 2.729645, 2.545228, 0.910623, 0.000000, 0.000000, 0.000000
.float 0.000000, 0.000000, 0.000000, 0.000000, 0.000000, 0.000000, 0.000000, 0.000000, 0.000000, 0.000000, 0.000000, 0.000000, 0.000000, 0.000000, 0.000000, 0.000000, 0.000000, 1.637565, 2.870883, 1.847019, 0.564993, 0.000000, 0.000000, 0.000000
.float 0.000000, 0.000000, 0.000000, 0.000000, 0.000000, 0.000000, 0.000000, 0.000000, 0.000000, 0.000000, 0.000000, 0.000000, 0.000000, 0.000000, 0.000000, 0.000000, 0.723285, 2.301583, 2.134350, 1.057156, 0.221974, 0.000000, 0.000000, 0.000000
.float 0.000000, 0.000000, 0.000000, 0.000000, 0.000000, 0.000000, 0.000000, 0.000000, 0.000000, 0.000000, 0.000000, 0.000000, 0.000000, 0.000000, 0.000000, 0.542667, 1.809447, 1.961314, 1.230809, 0.458068, 0.024859, 0.000000, 0.000000, 0.000000
.float 0.000000, 0.000000, 0.000000, 0.000000, 0.000000, 0.000000, 0.000000, 0.000000, 0.000000, 0.000000, 0.000000, 0.000000, 0.184407, 0.478470, 0.979261, 1.484468, 1.614239, 1.080688, 0.454615, 0.098275, 0.000000, 0.000000, 0.000000, 0.000000
.float 0.000000, 0.000000, 0.000000, 0.000000, 0.000000, 0.000000, 0.000000, 0.000000, 0.000000, 0.000000, 0.000000, 0.663866, 1.039262, 1.173527, 1.158784, 0.925952, 0.539649, 0.210744, 0.022856, 0.000000, 0.000000, 0.000000, 0.000000, 0.000000
.float 0.000000, 0.000000, 0.000000, 0.000000, 0.000000, 0.000000, 0.000000, 0.000000, 0.000000, 0.000000, 0.032309, 0.409888, 0.529888, 0.391751, 0.160893, 0.028354, 0.000000, 0.000000, 0.000000, 0.000000, 0.000000, 0.000000, 0.000000, 0.000000
.float 0.000000, 0.000000, 0.000000, 0.000000, 0.000000, 0.000000, 0.000000, 0.000000, 0.000000, 0.000000, 0.000000, 0.000000, 0.000000, 0.000000, 0.000000, 0.000000, 0.000000, 0.000000, 0.000000, 0.000000, 0.000000, 0.000000, 0.000000, 0.000000

.float 0.000000, 0.000000, 0.000000, 0.000000, 0.000000, 0.000000, 0.000000, 0.000000, 0.000000, 0.000000, 0.000000, 0.000000, 0.000000, 0.000000, 0.425159, 0.399525, 0.028466, 0.013103, 0.000000, 0.000000, 0.000000, 0.000000, 0.000000, 0.000000
.float 0.000000, 0.000000, 0.000000, 0.000000, 0.000000, 0.000000, 0.000000, 0.000000, 0.000000, 0.000000, 0.000000, 0.000000, 0.000000, 0.000000, 0.000000, 0.000000, 0.000000, 0.204484, 0.118284, 0.000000, 0.000000, 0.000000, 0.000000, 0.000000
.float 0.000000, 0.000000, 0.000000, 0.000000, 0.000000, 0.000000, 0.000000, 0.000000, 0.000000, 0.000000, 0.000000, 0.000000, 0.000000, 0.000000, 0.000000, 0.000000, 0.000000, 0.192137, 0.399353, 0.187304, 0.000000, 0.000000, 0.000000, 0.000000
.float 0.000000, 0.000000, 0.000000, 0.000000, 0.000000, 0.000000, 0.000000, 0.000000, 0.000000, 0.000000, 0.000000, 0.000000, 0.000000, 0.000000, 0.000000, 0.000000, 0.000000, 0.000000, 0.058152, 0.228616, 0.021043, 0.000000, 0.000000, 0.000000
.float 0.000000, 0.000000, 0.000000, 0.000000, 0.000000, 0.000000, 0.000000, 0.000000, 0.000000, 0.000000, 0.000000, 0.000000, 0.340809, 0.000000, 0.000000, 0.028632, 0.082379, 0.000000, 0.000000, 0.024896, 0.000000, 0.000000, 0.000000, 0.000000
.float 0.000000, 0.000000, 0.000000, 0.000000, 0.000000, 0.000000, 0.000000, 0.000000, 0.000000, 0.000000, 0.000000, 0.508110, 0.067802, 0.000000, 0.000000, 0.085654, 0.107561, 0.000000, 0.000000, 0.000000, 0.000000, 0.000000, 0.000000, 0.000000
.float 0.000000, 0.000000, 0.000000, 0.000000, 0.000000, 0.000000, 0.000000, 0.000000, 0.000000, 0.000000, 0.000000, 0.608904, 0.000000, 0.000000, 0.000000, 0.084510, 0.000000, 0.000000, 0.000000, 0.000000, 0.000000, 0.000000, 0.000000, 0.000000
.float 0.000000, 0.000000, 0.000000, 0.000000, 0.000000, 0.000000, 0.000000, 0.000000, 0.000000, 0.000000, 0.471838, 0.000000, 0.000000, 0.000000, 0.203306, 0.000000, 0.000000, 0.000000, 0.000000, 0.000000, 0.000000, 0.000000, 0.000000, 0.000000
.float 0.000000, 0.000000, 0.000000, 0.000000, 0.000000, 0.000000, 0.000000, 0.000000, 0.000000, 0.302614, 0.144774, 0.000000, 0.000000, 0.303354, 0.091427, 0.000000, 0.000000, 0.000000, 0.000000, 0.000000, 0.000000, 0.000000, 0.000000, 0.000000
.float 0.000000, 0.000000, 0.000000, 0.000000, 0.000000, 0.000000, 0.000000, 0.000000, 0.000000, 0.976541, 0.000000, 0.000000, 0.398772, 0.550969, 0.000000, 0.000000, 0.000000, 0.000000, 0.000000, 0.000000, 0.000000, 0.000000, 0.000000, 0.000000
.float 0.000000, 0.000000, 0.000000, 0.000000, 0.000000, 0.000000, 0.000000, 0.000000, 0.576761, 0.883999, 0.000000, 0.000000, 0.000000, 0.000000, 0.000000, 0.222378, 0.423190, 0.064706, 0.000000, 0.000000, 0.000000, 0.000000, 0.000000, 0.000000
.float 0.000000, 0.000000, 0.000000, 0.000000, 0.000000, 0.000000, 0.000000, 0.000000, 0.585414, 0.000000, 0.000000, 0.000000, 0.000000, 0.000000, 0.000000, 0.000000, 0.879942, 1.243646, 0.063123, 0.000000, 0.000000, 0.000000, 0.000000, 0.000000
.float 0.000000, 0.000000, 0.000000, 0.000000, 0.000000, 0.000000, 0.000000, 0.000000, 0.025820, 0.000000, 0.000000, 0.000000, 0.000000, 0.000000, 0.000000, 0.000000, 0.144833, 1.650979, 1.102457, 0.000000, 0.000000, 0.000000, 0.000000, 0.000000
.float 0.000000, 0.000000, 0.000000, 0.000000, 0.000000, 0.000000, 0.000000, 0.000000, 0.069060, 0.000000, 0.000000, 0.207385, 0.018904, 0.000000, 0.000000, 0.000000, 0.000000, 1.240692, 1.494089, 0.000000, 0.000000, 0.000000, 0.000000, 0.000000
.float 0.000000, 0.000000, 0.000000, 0.000000, 0.000000, 0.000000, 0.000000, 0.429928, 0.787571, 0.000000, 0.000000, 0.024510, 0.023502, 0.079070, 0.000000, 0.000000, 0.000000, 0.759605, 1.121389, 0.000000, 0.000000, 0.000000, 0.000000, 0.000000
.float 0.000000, 0.000000, 0.000000, 0.000000, 0.000000, 0.000000, 0.000000, 0.714032, 1.185189, 0.000000, 0.000000, 0.038998, 0.022530, 0.000000, 0.000000, 0.000000, 0.000000, 0.597127, 0.088005, 0.000000, 0.000000, 0.000000, 0.000000, 0.000000
.float 0.000000, 0.000000, 0.000000, 0.000000, 0.000000, 0.000000, 0.000000, 0.397826, 1.278100, 0.313757, 0.000000, 0.000000, 0.000000, 0.178094, 0.000000, 0.000000, 0.000000, 0.000000, 0.000000, 0.000000, 0.156774, 0.000000, 0.000000, 0.000000
.float 0.000000, 0.000000, 0.000000, 0.000000, 0.000000, 0.000000, 0.000000, 0.000000, 0.798401, 1.475221, 0.491701, 0.000000, 0.000000, 0.000000, 0.000000, 0.000000, 0.000000, 0.000000, 0.000000, 0.012996, 0.196914, 0.000000, 0.000000, 0.000000
.float 0.000000, 0.000000, 0.000000, 0.000000, 0.000000, 0.000000, 0.000000, 0.000000, 0.000000, 0.989838, 0.910834, 0.000000, 0.000000, 0.000000, 0.000000, 0.000000, 0.000000, 0.000000, 0.000000, 0.208198, 0.045839, 0.000000, 0.000000, 0.000000
.float 0.000000, 0.000000, 0.000000, 0.000000, 0.000000, 0.000000, 0.000000, 0.000000, 0.000000, 0.000000, 0.113213, 0.000000, 0.000000, 0.000000, 0.000000, 0.033460, 0.000000, 0.000000, 0.136652, 0.130842, 0.000000, 0.000000, 0.000000, 0.000000
.float 0.000000, 0.000000, 0.000000, 0.000000, 0.000000, 0.000000, 0.015959, 0.000000, 0.000000, 0.000000, 0.000000, 0.000000, 0.000000, 0.000000, 0.000000, 0.000000, 0.000000, 0.000000, 0.054096, 0.000000, 0.000000, 0.000000, 0.000000, 0.000000
.float 0.000000, 0.000000, 0.000000, 0.000000, 0.000000, 0.000000, 0.000000, 0.046080, 0.000000, 0.000000, 0.000000, 0.000000, 0.038021, 0.034176, 0.000000, 0.000000, 0.000000, 0.000000, 0.000000, 0.000000, 0.000000, 0.000000, 0.000000, 0.000000
.float 0.000000, 0.000000, 0.000000, 0.000000, 0.000000, 0.000000, 0.000000, 0.000000, 0.000000, 0.008891, 0.000000, 0.000000, 0.000000, 0.000000, 0.000000, 0.000000, 0.000000, 0.000000, 0.000000, 0.000000, 0.000000, 0.000000, 0.000000, 0.000000
.float 0.000000, 0.000000, 0.000000, 0.000000, 0.000000, 0.000000, 0.000000, 0.000000, 0.000000, 0.000000, 0.000000, 0.000000, 0.000000, 0.000000, 0.000000, 0.000000, 0.000000, 0.000000, 0.000000, 0.000000, 0.000000, 0.000000, 0.000000, 0.000000

.float 0.000000, 0.000000, 0.000000, 0.000000, 0.000000, 0.000000, 0.000000, 0.000000, 0.000000, 0.000000, 0.000000, 0.000000, 0.307135, 0.481319, 0.121568, 0.000000, 0.000000, 0.000000, 0.000000, 0.000000, 0.000000, 0.000000, 0.000000, 0.000000
.float 0.000000, 0.000000, 0.000000, 0.000000, 0.000000, 0.000000, 0.000000, 0.000000, 0.000000, 0.000000, 0.000000, 0.332661, 0.714615, 0.494456, 0.000000, 0.000000, 0.000000, 0.000000, 0.000000, 0.000000, 0.000000, 0.000000, 0.000000, 0.000000
.float 0.000000, 0.000000, 0.000000, 0.000000, 0.000000, 0.000000, 0.000000, 0.000000, 0.000000, 0.000000, 0.303838, 0.782036, 0.874803, 0.000000, 0.000000, 0.000000, 0.000000, 0.000000, 0.000000, 0.000000, 0.000000, 0.000000, 0.000000, 0.000000
.float 0.000000, 0.000000, 0.000000, 0.000000, 0.000000, 0.000000, 0.000000, 0.000000, 0.000000, 0.120207, 0.765642, 1.093842, 0.618918, 0.000000, 0.000000, 0.000000, 0.000000, 0.000000, 0.000000, 0.000000, 0.000000, 0.000000, 0.000000, 0.000000
.float 0.000000, 0.000000, 0.000000, 0.000000, 0.000000, 0.000000, 0.000000, 0.000000, 0.000000, 0.499903, 1.226429, 1.084775, 0.000000, 0.000000, 0.000000, 0.000000, 0.000000, 0.084868, 0.000000, 0.000000, 0.000000, 0.000000, 0.000000, 0.000000
.float 0.000000, 0.000000, 0.000000, 0.000000, 0.000000, 0.000000, 0.000000, 0.000000, 0.177104, 0.981203, 1.487409, 0.636209, 0.000000, 0.000000, 0.000000, 0.000000, 0.000000, 0.000000, 0.000000, 0.000000, 0.000000, 0.000000, 0.000000, 0.000000
.float 0.000000, 0.000000, 0.000000, 0.000000, 0.000000, 0.000000, 0.000000, 0.000000, 0.591111, 1.362535, 1.174952, 0.000000, 0.000000, 0.000000, 0.000000, 0.000000, 0.000000, 0.000000, 0.000000, 0.000000, 0.000000, 0.000000, 0.000000, 0.000000
.float 0.000000, 0.000000, 0.000000, 0.000000, 0.000000, 0.000000, 0.000000, 0.334533, 1.033615, 1.300137, 0.213362, 0.000000, 0.000000, 0.000000, 0.000000, 0.000000, 0.000000, 0.000000, 0.000000, 0.000000, 0.000000, 0.000000, 0.000000, 0.000000
.float 0.000000, 0.000000, 0.000000, 0.000000, 0.000000, 0.000000, 0.181691, 0.823870, 1.267598, 0.628064, 0.000000, 0.000000, 0.000000, 0.000000, 0.000000, 0.000000, 0.000000, 0.000000, 0.000000, 0.000000, 0.000000, 0.000000, 0.000000, 0.000000
.float 0.000000, 0.000000, 0.000000, 0.000000, 0.000000, 0.000000, 0.581866, 1.354423, 1.292238, 0.000000, 0.000000, 0.000000, 0.000000, 0.000000, 0.000000, 0.000000, 0.000000, 0.000000, 0.000000, 0.000000, 0.000000, 0.000000, 0.000000, 0.000000
.float 0.000000, 0.000000, 0.000000, 0.000000, 0.000000, 0.031956, 1.025828, 1.915745, 1.315389, 0.000000, 0.000000, 0.000000, 0.000000, 0.000000, 0.000000, 0.000000, 0.000000, 0.000000, 0.000000, 0.000000, 0.000000, 0.000000, 0.000000, 0.000000
.float 0.000000, 0.000000, 0.000000, 0.000000, 0.000000, 0.327451, 1.547153, 2.255129, 1.070540, 0.000000, 0.000000, 0.000000, 0.000000, 0.000000, 0.000000, 0.000000, 0.000000, 0.000000, 0.000000, 0.000000, 0.000000, 0.000000, 0.000000, 0.000000
.float 0.000000, 0.000000, 0.000000, 0.000000, 0.000000, 0.709426, 1.962185, 2.241628, 0.531263, 0.000000, 0.000000, 0.000000, 0.000000, 0.000000, 0.025460, 0.682420, 0.000000, 0.000000, 0.000000, 0.000000, 0.000000, 0.000000, 0.000000, 0.000000
.float 0.000000, 0.000000, 0.000000, 0.000000, 0.000000, 1.074646, 2.251894, 1.842736, 0.000000, 0.000000, 0.000000, 0.000000, 0.000000, 0.476818, 1.259835, 2.369972, 1.837732, 0.000000, 0.000000, 0.000000, 0.000000, 0.000000, 0.000000, 0.000000
.float 0.000000, 0.000000, 0.000000, 0.000000, 0.000000, 1.415116, 2.581605, 1.541488, 0.000000, 0.000000, 0.000000, 0.000000, 0.000000, 0.000000, 0.518658, 2.160302, 2.516214, 0.113957, 0.000000, 0.000000, 0.000000, 0.000000, 0.000000, 0.000000
.float 0.000000, 0.000000, 0.000000, 0.000000, 0.000000, 1.565137, 2.788572, 1.298523, 0.000000, 0.000000, 0.000000, 0.000000, 0.000000, 0.000000, 0.375198, 1.810602, 2.088996, 0.000000, 0.000000, 0.000000, 0.000000, 0.000000, 0.000000, 0.000000
.float 0.000000, 0.000000, 0.000000, 0.000000, 0.000000, 1.382698, 2.714152, 1.275124, 0.000000, 0.000000, 0.000000, 0.000000, 0.000000, 0.043049, 0.304323, 0.966902, 0.629403, 0.000000, 0.000000, 0.000000, 0.000000, 0.000000, 0.000000, 0.000000
.float 0.000000, 0.000000, 0.000000, 0.000000, 0.000000, 1.016294, 2.448915, 1.690564, 0.000000, 0.000000, 0.000000, 0.000000, 0.000000, 0.000000, 0.000000, 0.000000, 0.000000, 0.000000, 0.000000, 0.000000, 0.000000, 0.000000, 0.000000, 0.000000
.float 0.000000, 0.000000, 0.000000, 0.000000, 0.000000, 0.620007, 1.839362, 1.958617, 0.644911, 0.000000, 0.000000, 0.000000, 0.000000, 0.000000, 0.000000, 0.000000, 0.000000, 0.000000, 0.000000, 0.000000, 0.000000, 0.000000, 0.000000, 0.000000
.float 0.000000, 0.000000, 0.000000, 0.000000, 0.000000, 0.205707, 1.115439, 1.736966, 1.440526, 0.268133, 0.000000, 0.000000, 0.000000, 0.000000, 0.000000, 0.000000, 0.000000, 0.000000, 0.000000, 0.000000, 0.000000, 0.000000, 0.000000, 0.000000
.float 0.000000, 0.000000, 0.000000, 0.000000, 0.000000, 0.000000, 0.351210, 1.185409, 1.657964, 1.446276, 0.600443, 0.000000, 0.000000, 0.000000, 0.044130, 0.000000, 0.000000, 0.000000, 0.000000, 0.000000, 0.000000, 0.000000, 0.000000, 0.000000
.float 0.000000, 0.000000, 0.000000, 0.000000, 0.000000, 0.000000, 0.000000, 0.326059, 0.957261, 1.429808, 1.446580, 0.949436, 0.544692, 0.384723, 0.285325, 0.087384, 0.000000, 0.000000, 0.000000, 0.000000, 0.000000, 0.000000, 0.000000, 0.000000
.float 0.000000, 0.000000, 0.000000, 0.000000, 0.000000, 0.000000, 0.000000, 0.000000, 0.074414, 0.341780, 0.491218, 0.385674, 0.128614, 0.000000, 0.000000, 0.000000, 0.000000, 0.000000, 0.000000, 0.000000, 0.000000, 0.000000, 0.000000, 0.000000
.float 0.000000, 0.000000, 0.000000, 0.000000, 0.000000, 0.000000, 0.000000, 0.000000, 0.000000, 0.000000, 0.000000, 0.000000, 0.000000, 0.000000, 0.000000, 0.000000, 0.000000, 0.000000, 0.000000, 0.000000, 0.000000, 0.000000, 0.000000, 0.000000

.float 0.000000, 0.000000, 0.000000, 0.000000, 0.000000, 0.000000, 0.000000, 0.000000, 0.000000, 0.000000, 0.000000, 0.000000, 0.105534, 0.512205, 0.769864, 0.860733, 0.578724, 0.032311, 0.000000, 0.000000, 0.000000, 0.000000, 0.000000, 0.000000
.float 0.000000, 0.000000, 0.000000, 0.000000, 0.000000, 0.000000, 0.000000, 0.000000, 0.000000, 0.000000, 0.000000, 0.092864, 0.296482, 0.271339, 0.109728, 0.000000, 0.437135, 0.858693, 0.366673, 0.000000, 0.000000, 0.000000, 0.000000, 0.000000
.float 0.000000, 0.000000, 0.000000, 0.000000, 0.000000, 0.000000, 0.000000, 0.000000, 0.000000, 0.000000, 0.000000, 0.201111, 0.000000, 0.000000, 0.000000, 0.000000, 0.000000, 0.849056, 0.798890, 0.095715, 0.000000, 0.000000, 0.000000, 0.000000
.float 0.000000, 0.000000, 0.000000, 0.000000, 0.000000, 0.000000, 0.000000, 0.000000, 0.000000, 0.000000, 0.000000, 0.000000, 0.000000, 0.000000, 0.000000, 0.000000, 0.000000, 0.000000, 0.120019, 0.000000, 0.000000, 0.000000, 0.000000, 0.000000
.float 0.000000, 0.000000, 0.000000, 0.000000, 0.000000, 0.000000, 0.000000, 0.000000, 0.000000, 0.000000, 0.000000, 0.000000, 0.000000, 0.000000, 0.000000, 0.000000, 0.000000, 0.000000, 0.000000, 0.000000, 0.000000, 0.000000, 0.000000, 0.000000
.float 0.000000, 0.000000, 0.000000, 0.000000, 0.000000, 0.000000, 0.000000, 0.000000, 0.000000, 0.000000, 0.000000, 0.000000, 0.000000, 0.000000, 0.000000, 0.011189, 0.000000, 0.000000, 0.000000, 0.000000, 0.000000, 0.000000, 0.000000, 0.000000
.float 0.000000, 0.000000, 0.000000, 0.000000, 0.000000, 0.000000, 0.000000, 0.000000, 0.000000, 0.000000, 0.000000, 0.000000, 0.000000, 0.000000, 0.000000, 0.000000, 0.000000, 0.000000, 0.000000, 0.000000, 0.000000, 0.000000, 0.000000, 0.000000
.float 0.000000, 0.000000, 0.000000, 0.000000, 0.000000, 0.000000, 0.000000, 0.000000, 0.000000, 0.000000, 0.000000, 0.000000, 0.043947, 0.086085, 0.000000, 0.000000, 0.000000, 0.000000, 0.000000, 0.000000, 0.000000, 0.000000, 0.000000, 0.000000
.float 0.000000, 0.000000, 0.000000, 0.000000, 0.000000, 0.000000, 0.000000, 0.040413, 0.000000, 0.000000, 0.000000, 0.000000, 0.254379, 0.207461, 0.000000, 0.000000, 0.000000, 0.000000, 0.000000, 0.000000, 0.000000, 0.000000, 0.000000, 0.000000
.float 0.000000, 0.000000, 0.000000, 0.000000, 0.000000, 0.000000, 0.000000, 0.000000, 0.000000, 0.000000, 0.391248, 0.993584, 1.140832, 0.855089, 0.334803, 0.000000, 0.000000, 0.000000, 0.000000, 0.000000, 0.000000, 0.000000, 0.000000, 0.000000
.float 0.000000, 0.000000, 0.000000, 0.000000, 0.000000, 0.000000, 0.000000, 0.000000, 0.000000, 0.947799, 0.899170, 0.606303, 0.448301, 0.245538, 0.638270, 1.115157, 0.712089, 0.000000, 0.000000, 0.000000, 0.000000, 0.000000, 0.000000, 0.000000
.float 0.000000, 0.000000, 0.000000, 0.000000, 0.000000, 0.000000, 0.000000, 0.000000, 0.061128, 0.838472, 0.657065, 0.116866, 0.000000, 0.000000, 0.188193, 1.261868, 2.024159, 1.314879, 0.000000, 0.000000, 0.000000, 0.000000, 0.000000, 0.000000
.float 0.000000, 0.000000, 0.000000, 0.000000, 0.000000, 0.000000, 0.000000, 0.000000, 0.000000, 0.148863, 0.135918, 0.000000, 0.000000, 0.000000, 0.000000, 0.000000, 1.634571, 2.312368, 0.950540, 0.000000, 0.000000, 0.000000, 0.000000, 0.000000
.float 0.000000, 0.000000, 0.000000, 0.000000, 0.000000, 0.000000, 0.000000, 0.000000, 0.000000, 0.000000, 0.000000, 0.000000, 0.000000, 0.000000, 0.000000, 0.000000, 0.003400, 1.953646, 1.557688, 0.000000, 0.000000, 0.000000, 0.000000, 0.000000
.float 0.000000, 0.000000, 0.000000, 0.000000, 0.000000, 0.000000, 0.000000, 0.000000, 0.000000, 0.000000, 0.000000, 0.000000, 0.000000, 0.000000, 0.000000, 0.000000, 0.000000, 1.066036, 1.437038, 0.165101, 0.000000, 0.000000, 0.000000, 0.000000
.float 0.000000, 0.000000, 0.000000, 0.000000, 0.000000, 0.000000, 0.000000, 0.000000, 0.440238, 0.000000, 0.000000, 0.000000, 0.000000, 0.000000, 0.000000, 0.000000, 0.000000, 0.335493, 0.948166, 0.302195, 0.000000, 0.000000, 0.000000, 0.000000
.float 0.000000, 0.000000, 0.000000, 0.000000, 0.000000, 0.000000, 0.000000, 0.645372, 1.824624, 0.648835, 0.000000, 0.000000, 0.063688, 0.327560, 0.035557, 0.000000, 0.000000, 0.000000, 0.444945, 0.270619, 0.000000, 0.000000, 0.000000, 0.000000
.float 0.000000, 0.000000, 0.000000, 0.000000, 0.000000, 0.000000, 0.000000, 0.018964, 2.443475, 2.374051, 0.900780, 0.080827, 0.303051, 0.325627, 0.000000, 0.000000, 0.000000, 0.000000, 0.289879, 0.155162, 0.000000, 0.000000, 0.000000, 0.000000
.float 0.000000, 0.000000, 0.000000, 0.000000, 0.000000, 0.000000, 0.000000, 0.000000, 0.809603, 2.296622, 1.758164, 0.327308, 0.000000, 0.000000, 0.000000, 0.000000, 0.000000, 0.158946, 0.268366, 0.000000, 0.000000, 0.000000, 0.000000, 0.000000
.float 0.000000, 0.000000, 0.000000, 0.000000, 0.000000, 0.000000, 0.000000, 0.000000, 0.000000, 0.219761, 0.978066, 0.462423, 0.000000, 0.000000, 0.000000, 0.000000, 0.000000, 0.099128, 0.033805, 0.000000, 0.000000, 0.000000, 0.000000, 0.000000
.float 0.000000, 0.000000, 0.000000, 0.000000, 0.000000, 0.000000, 0.000000, 0.000000, 0.000000, 0.000000, 0.000000, 0.000000, 0.000000, 0.000000, 0.000000, 0.000000, 0.000000, 0.000000, 0.000000, 0.000000, 0.000000, 0.000000, 0.000000, 0.000000
.float 0.000000, 0.000000, 0.000000, 0.000000, 0.000000, 0.000000, 0.000000, 0.000000, 0.000000, 0.000000, 0.000000, 0.000000, 0.000000, 0.000000, 0.000000, 0.000000, 0.000000, 0.000000, 0.000000, 0.000000, 0.000000, 0.000000, 0.000000, 0.000000
.float 0.000000, 0.000000, 0.000000, 0.000000, 0.000000, 0.000000, 0.000000, 0.000000, 0.000000, 0.000000, 0.000000, 0.000000, 0.000000, 0.000000, 0.000000, 0.000000, 0.000000, 0.000000, 0.000000, 0.000000, 0.000000, 0.000000, 0.000000, 0.000000
.float 0.000000, 0.000000, 0.000000, 0.000000, 0.000000, 0.000000, 0.000000, 0.000000, 0.000000, 0.000000, 0.000000, 0.000000, 0.000000, 0.000000, 0.000000, 0.000000, 0.000000, 0.000000, 0.000000, 0.000000, 0.000000, 0.000000, 0.000000, 0.000000

.float 0.000000, 0.000000, 0.000000, 0.000000, 0.000000, 0.000000, 0.000000, 0.000000, 0.000000, 0.000000, 0.000000, 0.000000, 0.000000, 0.000000, 0.000000, 0.000000, 0.000000, 0.000000, 0.000000, 0.000000, 0.000000, 0.000000, 0.000000, 0.000000
.float 0.000000, 0.000000, 0.000000, 0.000000, 0.000000, 0.000000, 0.000000, 0.000000, 0.000000, 0.000000, 0.000000, 0.000000, 0.000000, 0.000000, 0.000000, 0.000000, 0.000000, 0.000000, 0.000000, 0.000000, 0.000000, 0.000000, 0.000000, 0.000000
.float 0.000000, 0.000000, 0.000000, 0.000000, 0.000000, 0.000000, 0.000000, 0.000000, 0.000000, 0.000000, 0.000000, 0.000000, 0.000000, 0.000000, 0.000000, 0.000000, 1.166969, 1.549179, 1.201848, 0.494662, 0.096467, 0.000000, 0.000000, 0.000000
.float 0.000000, 0.000000, 0.000000, 0.000000, 0.000000, 0.000000, 0.000000, 0.000000, 0.000000, 0.000000, 0.000000, 0.000000, 0.000000, 0.000000, 0.587333, 2.304387, 2.840498, 2.287284, 1.398744, 0.640827, 0.128755, 0.000000, 0.000000, 0.000000
.float 0.000000, 0.000000, 0.000000, 0.000000, 0.000000, 0.000000, 0.000000, 0.000000, 0.000000, 0.000000, 0.000000, 0.000000, 0.000000, 0.522346, 1.373752, 2.057459, 1.519008, 0.746094, 0.378289, 0.188250, 0.034102, 0.000000, 0.000000, 0.000000
.float 0.000000, 0.000000, 0.000000, 0.000000, 0.000000, 0.000000, 0.000000, 0.000000, 0.000000, 0.000000, 0.000000, 0.000000, 0.087326, 0.656218, 1.019752, 0.942447, 0.342976, 0.052943, 0.000000, 0.000000, 0.000000, 0.000000, 0.000000, 0.000000
.float 0.000000, 0.000000, 0.000000, 0.000000, 0.000000, 0.000000, 0.000000, 0.000000, 0.000000, 0.000000, 0.000000, 0.000000, 0.000000, 0.393174, 0.685134, 0.317314, 0.053482, 0.000000, 0.000000, 0.000000, 0.000000, 0.000000, 0.000000, 0.000000
.float 0.000000, 0.000000, 0.000000, 0.000000, 0.000000, 0.000000, 0.000000, 0.000000, 0.000000, 0.000000, 0.000000, 0.000000, 0.123201, 0.541786, 0.416407, 0.041639, 0.000000, 0.000000, 0.000000, 0.000000, 0.000000, 0.000000, 0.000000, 0.000000
.float 0.000000, 0.000000, 0.000000, 0.000000, 0.000000, 0.000000, 0.000000, 0.000000, 0.000000, 0.000000, 0.000000, 0.000000, 0.196312, 0.341655, 0.000000, 0.000000, 0.000000, 0.000000, 0.000000, 0.000000, 0.000000, 0.000000, 0.000000, 0.000000
.float 0.000000, 0.000000, 0.000000, 0.000000, 0.000000, 0.000000, 0.000000, 0.000000, 0.000000, 0.000000, 0.000000, 0.000000, 0.000000, 0.000000, 0.000000, 0.000000, 0.000000, 0.000000, 0.000000, 0.000000, 0.000000, 0.000000, 0.000000, 0.000000
.float 0.000000, 0.000000, 0.000000, 0.000000, 0.000000, 0.000000, 0.000000, 0.000000, 0.000000, 0.000000, 0.000000, 0.000000, 0.000000, 0.000000, 0.000000, 0.000000, 0.000000, 0.000000, 0.000000, 0.000000, 0.000000, 0.000000, 0.000000, 0.000000
.float 0.000000, 0.000000, 0.000000, 0.000000, 0.000000, 0.000000, 0.000000, 0.000000, 0.000000, 0.000000, 0.000000, 0.000000, 0.000000, 0.000000, 0.000000, 0.000000, 0.000000, 0.000000, 0.000000, 0.000000, 0.000000, 0.000000, 0.000000, 0.000000
.float 0.000000, 0.000000, 0.000000, 0.000000, 0.000000, 0.000000, 0.000000, 0.000000, 0.000000, 0.000000, 0.000000, 0.815497, 1.800900, 2.720832, 2.919516, 2.296232, 0.362504, 0.000000, 0.000000, 0.000000, 0.000000, 0.000000, 0.000000, 0.000000
.float 0.000000, 0.000000, 0.000000, 0.000000, 0.000000, 0.143629, 0.000000, 0.000000, 0.347618, 0.756866, 2.003426, 2.707026, 2.419733, 2.222617, 2.238850, 2.237231, 0.885986, 0.000000, 0.000000, 0.000000, 0.000000, 0.000000, 0.000000, 0.000000
.float 0.000000, 0.000000, 0.000000, 0.000000, 0.019032, 0.546947, 0.476581, 0.213033, 0.961753, 1.090571, 1.410125, 1.624305, 0.864950, 0.515956, 0.646573, 1.078910, 0.322799, 0.000000, 0.000000, 0.000000, 0.000000, 0.000000, 0.000000, 0.000000
.float 0.000000, 0.000000, 0.000000, 0.000000, 0.052098, 0.830111, 0.795227, 0.076226, 0.262549, 0.000000, 0.000000, 0.504516, 0.161078, 0.000000, 0.000000, 0.063739, 0.000000, 0.000000, 0.000000, 0.000000, 0.000000, 0.000000, 0.000000, 0.000000
.float 0.000000, 0.000000, 0.000000, 0.000000, 0.062467, 1.002060, 1.273797, 0.067178, 0.000000, 0.000000, 0.000000, 0.000000, 0.000000, 0.000000, 0.000000, 0.000000, 0.000000, 0.000000, 0.000000, 0.042461, 0.206130, 0.009687, 0.000000, 0.000000
.float 0.000000, 0.000000, 0.000000, 0.000000, 0.057196, 1.064894, 1.935237, 0.889149, 0.000000, 0.000000, 0.000000, 0.000000, 0.000000, 0.000000, 0.000000, 0.000000, 0.000000, 0.000000, 0.460489, 0.599904, 0.301836, 0.001265, 0.000000, 0.000000
.float 0.000000, 0.000000, 0.000000, 0.000000, 0.033705, 0.862485, 1.964878, 1.854296, 0.643971, 0.000000, 0.000000, 0.000000, 0.000000, 0.000000, 0.000000, 0.000000, 1.014289, 1.355840, 1.183129, 0.619450, 0.134538, 0.000000, 0.000000, 0.000000
.float 0.000000, 0.000000, 0.000000, 0.000000, 0.005511, 0.437692, 1.354632, 1.939561, 2.059752, 1.524651, 0.530650, 0.000000, 0.001041, 0.880629, 2.190754, 2.890402, 2.511390, 1.667323, 0.897288, 0.286997, 0.020645, 0.000000, 0.000000, 0.000000
.float 0.000000, 0.000000, 0.000000, 0.000000, 0.000000, 0.083822, 0.588184, 1.409403, 2.094440, 2.708669, 3.139635, 3.265103, 3.339943, 3.397190, 3.171288, 2.465534, 1.504174, 0.736394, 0.285261, 0.057772, 0.000000, 0.000000, 0.000000, 0.000000
.float 0.000000, 0.000000, 0.000000, 0.000000, 0.000000, 0.000000, 0.090034, 0.559704, 1.187788, 1.834374, 2.394640, 2.594851, 2.365506, 1.834240, 1.155804, 0.637852, 0.328858, 0.127222, 0.019932, 0.000000, 0.000000, 0.000000, 0.000000, 0.000000
.float 0.000000, 0.000000, 0.000000, 0.000000, 0.000000, 0.000000, 0.000000, 0.059133, 0.254943, 0.513783, 0.614745, 0.545263, 0.406247, 0.244910, 0.103440, 0.023495, 0.000000, 0.000000, 0.000000, 0.000000, 0.000000, 0.000000, 0.000000, 0.000000
.float 0.000000, 0.000000, 0.000000, 0.000000, 0.000000, 0.000000, 0.000000, 0.000000, 0.000000, 0.000000, 0.000000, 0.000000, 0.000000, 0.000000, 0.000000, 0.000000, 0.000000, 0.000000, 0.000000, 0.000000, 0.000000, 0.000000, 0.000000, 0.000000

